# SPH Gas Particles
# Columns contain: x(pc) y(pc) z(pc) h(pc) M(Msun) Z(0-1)
1523.41 -4887.33 2731.85 1628.73 24745240.81 1.037654e-02
1580.85 -5128.60 3065.03 1670.02 22945699.61 9.479905e-03
1741.70 -5599.65 3076.52 1750.74 23771190.39 5.855006e-03
1075.34 -5140.09 2754.83 1807.44 28932631.45 1.238263e-02
1937.01 -5369.87 3398.21 1829.24 23619489.24 6.933062e-03
1167.25 -5576.67 2571.01 2020.98 30138957.83 2.387482e-02
1339.59 -3795.88 3007.59 2077.58 31759099.60 1.455645e-02
1822.12 -3818.86 3156.95 1897.77 25252785.93 2.069105e-02
1213.21 -6346.43 1479.56 3403.06 29822927.90 2.013199e-02
1730.21 -4967.75 1571.47 2409.73 21549849.09 9.390609e-03
1638.30 -5519.23 1973.58 2149.66 27974456.32 1.482107e-02
1799.14 -5771.98 2203.36 2124.60 22971423.97 1.041923e-02
765.14 -4542.66 2157.41 1851.61 48434683.67 2.411269e-02
420.47 -4818.40 2214.85 2155.08 43501916.53 2.053552e-02
684.71 -4473.73 1801.25 2301.15 40290973.09 1.507324e-02
282.60 -4152.04 2031.03 2589.50 24731621.93 8.357088e-03
2017.43 -3543.12 3892.24 2298.02 29723909.82 3.527099e-02
661.74 -4542.66 2628.45 1823.91 30553259.42 1.577615e-02
569.82 -4623.09 2858.23 2078.20 41361757.80 4.056197e-02
1339.59 -4450.75 2697.39 1683.26 29174823.26 2.174081e-02
1328.10 -3922.26 2708.88 1920.26 31661372.36 1.913370e-02
1293.63 -4129.06 2502.07 1824.81 37636782.51 1.870745e-02
2109.35 -3313.34 2662.92 1777.67 19786540.45 2.993851e-03
-762.90 -13400.66 4397.75 2596.72 26264382.01 1.564844e-02
-3187.07 -15526.12 4455.20 3265.90 19494772.83 1.340025e-03
1891.06 -4703.51 4397.75 2955.53 27709804.91 1.494718e-02
4453.10 -2394.23 2996.10 1509.41 29444543.86 1.777131e-02
4476.07 -2784.85 3133.97 1444.82 22547581.47 8.885509e-03
4142.89 -3209.94 2996.10 1446.88 46609787.90 1.828439e-02
4705.85 -3118.03 3926.71 2009.44 25193256.61 2.010394e-02
3166.33 -4427.77 3627.99 2026.38 21235585.92 7.605349e-03
2913.57 -3853.32 2984.61 1417.60 32794644.70 3.950193e-02
3361.64 -4967.75 2984.61 1956.77 31361387.19 1.843891e-02
4062.47 -4266.93 3110.99 1745.82 36924731.62 6.904681e-02
4613.94 -3991.19 3536.08 1595.57 25896774.95 1.806528e-02
4257.78 -5542.20 3248.86 2205.15 36744037.92 1.403094e-02
3867.16 -5220.51 3202.90 2138.07 39371596.79 1.739927e-02
3694.82 -5921.34 3834.79 2706.69 21388312.56 4.895795e-03
3752.27 -4783.93 4294.35 2662.31 24127378.47 2.168504e-02
3062.93 -2578.05 4110.53 2217.67 24996757.82 1.621714e-02
2626.35 -3141.01 3880.75 1964.58 20588527.31 2.805677e-03
2637.84 -2888.25 3765.86 1927.41 28219947.13 2.159304e-02
2718.26 -3807.37 3685.44 1839.43 33003024.70 2.752748e-02
3407.60 -2865.27 3283.32 1693.54 19225699.36 1.348746e-03
2442.53 -5220.51 3168.43 1697.42 29743827.11 1.053395e-02
2258.70 -5553.69 3133.97 1736.16 51611784.49 2.402518e-02
2201.26 -5921.34 2984.61 2118.55 20405948.71 2.677186e-03
2166.79 -5369.87 2628.45 1683.90 28618166.28 1.130715e-02
2201.26 -4760.95 2674.41 1633.14 22520021.85 6.754838e-03
2396.57 -4749.46 3019.08 1621.64 29152615.32 1.188337e-02
1753.19 -9655.25 3007.59 3850.75 24888962.37 1.123522e-02
2798.68 -4715.00 2973.12 1702.29 40680995.24 5.018277e-02
3062.93 -3853.32 3065.03 1444.66 53035139.85 3.187459e-02
2304.66 -4588.62 2950.14 1633.45 25944844.20 8.478173e-03
4223.32 -3278.88 3455.66 1631.90 43736376.99 5.017756e-02
2948.04 -1773.82 3777.35 2308.97 29625624.47 2.320787e-02
2522.95 -1762.33 3685.44 2593.13 18404276.27 1.656264e-04
1086.83 -8908.47 3467.15 3533.20 52784114.17 3.227141e-02
3350.16 -2325.29 3777.35 2018.06 23598346.16 1.107889e-02
3419.09 -1716.38 2961.63 1912.46 24037880.77 1.268625e-02
3867.16 -2578.05 3719.91 1939.13 24765348.13 1.116824e-02
4671.39 -2405.71 3421.19 1680.46 34925175.20 3.615923e-02
4855.21 -2233.38 3719.91 2089.78 21839771.17 7.048385e-03
4441.61 -1877.22 3329.28 1796.93 41523821.62 6.029822e-02
2580.39 -2555.07 2662.92 1898.51 42429026.08 1.177519e-02
2672.31 -3290.37 3099.50 1376.79 30447122.89 9.196517e-03
2649.33 -3749.92 2950.14 1422.54 49518239.82 1.476030e-02
2982.51 -3175.48 3122.48 1374.62 26190742.47 1.914569e-02
2982.51 -3163.99 2800.79 1310.80 36384595.34 1.666499e-02
3350.16 -3761.41 3179.92 1571.45 27296037.47 2.322548e-02
3016.98 -3301.85 3065.03 1301.40 36720371.37 2.117111e-02
4016.52 -3221.43 2731.85 1402.51 32026289.88 2.329518e-02
7336.83 -14894.23 6867.88 2749.96 20590035.57 3.256644e-03
8324.88 -13814.26 6856.39 3516.51 21444888.69 7.092046e-03
7692.99 -14836.78 8097.20 3180.60 24227406.62 1.539114e-02
7658.52 -15146.98 7143.62 2830.95 46137480.67 2.402380e-02
7635.54 -14181.91 7315.95 2876.08 21220441.66 7.736820e-03
8244.46 -14365.73 7051.71 3096.16 30933667.03 1.932324e-02
6785.36 -14595.51 7327.44 2823.58 26561893.34 2.171617e-02
7038.11 -14836.78 6867.88 2806.62 20374595.32 2.674500e-03
4510.54 -14561.05 7649.13 4292.67 37372769.68 2.526796e-02
8405.30 -11355.62 5868.34 4320.40 33183540.35 3.000826e-02
7118.54 -8402.96 5661.54 3397.10 30171728.75 1.528487e-02
6670.47 -6702.59 4845.82 3423.99 34495667.72 3.335347e-02
5406.68 -7541.28 4730.93 3563.04 27343055.56 1.689303e-02
5912.20 -8816.56 4972.20 3740.67 23595175.56 1.590701e-02
5751.35 -10493.95 5270.92 4288.04 23065910.41 1.114614e-02
6969.18 -9965.46 6006.21 3731.09 26721106.71 1.461075e-02
7509.16 -10631.82 5810.90 3935.92 34484539.78 1.854146e-02
7589.59 -8828.05 5558.14 3300.12 31884071.44 2.304357e-02
6957.69 -9195.70 5891.32 3461.62 50953774.27 2.624020e-02
7727.45 -10218.21 5787.92 3684.65 27691168.19 1.286638e-02
7612.56 -12584.94 6224.50 4533.11 28444258.91 1.357981e-02
4625.43 -3899.28 3513.10 1559.42 27397835.82 1.740676e-02
673.23 -8311.05 3432.68 4082.53 41622709.59 2.802240e-02
8382.32 -7874.46 6213.01 3215.38 27970181.48 1.696290e-02
6704.93 -8127.22 5167.52 3552.96 30408924.97 1.991923e-02
8681.04 -8379.98 6511.72 3414.81 22183934.24 1.116725e-02
8474.24 -6231.54 5523.67 3154.03 35341329.16 2.408503e-02
776.63 -10310.13 3685.44 3305.63 33912409.84 2.817066e-02
4613.94 -3680.99 3490.13 1544.24 30040011.66 1.945468e-02
4567.99 -3772.90 3007.59 1471.87 32711599.49 2.347088e-02
753.65 -8851.03 3627.99 3685.82 30810859.14 1.856316e-02
3694.82 -7874.46 4282.86 3972.31 21531515.38 1.353321e-02
-12481.65 -11286.69 1904.65 2196.47 25937992.82 1.089825e-02
-12447.18 -11275.20 1950.60 2182.32 25521479.34 1.569377e-02
-12056.55 -10758.20 1387.64 2168.50 23249973.31 1.380734e-02
-11688.91 -12182.83 1996.56 1960.84 30754990.05 1.723719e-02
-12045.07 -11619.87 916.60 2614.20 22211011.07 1.144284e-02
-11861.24 -10183.75 985.53 2750.89 21614230.18 8.256821e-03
-11780.82 -11148.82 1157.86 2264.51 29321992.77 1.641489e-02
-12608.02 -11217.75 916.60 2764.19 24056550.02 9.405350e-03
-11941.66 -12470.05 1847.20 2241.76 21319165.28 5.421990e-03
-11332.75 -13584.48 1605.93 3099.31 22805028.81 1.392050e-02
-10574.48 -13699.37 2180.38 2673.47 38429670.15 2.861287e-02
-11125.95 -12745.79 1916.14 2243.16 29586430.17 1.848677e-02
-11390.19 -12975.57 1640.40 2555.51 30302042.00 8.074491e-02
-10298.74 -14296.80 1973.58 3127.16 20782975.14 4.261185e-03
-10620.43 -12067.94 2065.49 2341.89 22661766.06 1.112983e-02
-10988.08 -10367.57 2283.78 2793.34 26157041.94 1.867458e-02
-11252.33 -11079.89 2099.96 2087.72 21740246.35 5.619154e-03
-12699.94 -11941.56 1812.74 2569.99 25572724.34 1.608600e-02
-11125.95 -11068.40 2318.25 2194.11 22524038.18 1.020496e-02
-12114.00 -10390.55 2444.63 2651.61 24967126.70 1.037473e-02
-11941.66 -11792.20 2421.65 2009.65 23584516.71 1.706425e-02
-10103.43 -14894.23 2398.67 3502.91 23178934.28 5.472089e-03
-11068.50 -12355.16 2950.14 2333.59 25891255.49 1.457458e-02
-11183.39 -12182.83 2685.90 2027.21 19949215.45 2.483315e-03
-10976.59 -11424.56 2364.21 2111.68 26859476.59 1.156501e-02
-10677.88 -12136.87 2352.72 2202.33 27222899.54 2.001895e-02
-9885.14 -14572.53 2869.72 3106.57 31542779.38 2.024431e-02
-10287.25 -13745.33 3386.72 2967.66 24629758.52 9.332972e-03
-9574.94 -13883.20 2456.12 2807.45 26839175.81 1.459666e-02
-9747.27 -13170.88 2823.77 2611.67 30895366.39 2.077592e-02
-9747.27 -13182.37 2938.66 2616.13 18760644.12 2.239389e-03
-10275.76 -13021.52 2938.66 2512.86 22916347.54 1.023289e-02
-11987.62 -12090.92 2582.50 2131.49 20803738.15 4.586529e-03
-11734.86 -12458.56 2789.30 2312.84 37337769.75 2.808634e-02
-12286.33 -10792.66 2915.68 2896.60 20735511.93 8.151516e-03
-11367.22 -11160.31 1617.42 2149.57 26925506.33 2.202624e-02
-18306.55 -3163.99 -2323.29 4285.16 26658245.86 1.489600e-02
-9839.18 -10712.24 2191.87 3546.67 31660841.64 1.856321e-02
-18145.71 -1612.98 -3851.33 3872.34 34691187.25 4.325758e-02
-1153.52 -14974.65 5087.09 3364.13 23361115.70 1.163513e-02
-969.70 -15526.12 5604.10 3544.47 22574559.00 1.408270e-02
-2509.22 -15468.67 4707.96 3354.64 22868358.75 1.309985e-02
-1888.82 -15549.10 5925.79 3483.49 23708935.58 8.122369e-03
-2233.48 -15882.28 6235.99 3779.61 20687632.70 9.901960e-03
-3635.14 -15388.25 6098.12 3363.04 19565772.48 1.509407e-03
-3060.69 -15330.81 5282.41 2866.77 35712009.24 2.261292e-02
-4680.64 -16249.92 5385.81 3642.07 30135051.07 2.427627e-02
-3818.96 -15939.72 5730.47 3368.27 20006517.47 2.207168e-03
-4761.06 -15227.41 5546.65 3172.72 20280238.99 3.117150e-03
-6564.83 -15698.45 4719.45 3352.13 22097049.03 1.408215e-02
-7851.59 -15468.67 4397.75 4206.11 27137791.38 1.612324e-02
-6978.43 -15135.49 4064.57 3550.10 19784333.69 3.239837e-03
-6197.18 -15870.79 4524.13 3283.07 27311881.94 1.530111e-02
-7012.90 -15135.49 3363.75 4060.63 30717641.28 1.905927e-02
-5898.47 -14894.23 4420.73 2981.58 20079999.50 2.235467e-03
-4979.35 -15307.83 4558.60 2791.09 21375364.77 7.580251e-03
-10540.01 -15928.23 2708.88 4925.65 38356297.68 4.376794e-02
-6403.98 -16410.77 5029.65 4071.88 20507493.69 7.734994e-03
3005.49 -8506.36 3823.31 4264.31 26753343.48 1.058982e-02
4131.41 -7851.49 4409.24 3811.46 37387020.28 1.694099e-02
-4761.06 5004.67 -2828.81 2105.36 45169802.27 1.774875e-02
-5232.11 5073.61 -3035.61 2113.55 21332101.07 4.259963e-03
-6151.22 6211.01 -3782.39 2231.23 35685695.95 1.774658e-02
-5921.44 6188.04 -3621.55 2100.76 36784232.02 1.948614e-02
-5278.06 6004.21 -3472.19 1909.74 25983646.46 1.828269e-02
-5301.04 6302.93 -3242.41 1731.88 25741848.41 1.317446e-02
-4071.72 6440.79 -3288.37 1826.52 25002655.63 9.398247e-03
-4749.57 5981.23 -3024.12 1635.14 39078100.06 1.484774e-02
-4163.63 5900.81 -2863.28 1458.91 22036769.87 8.358516e-03
-4393.41 6567.17 -2863.28 1687.52 33439263.73 1.351053e-02
-4669.15 6188.04 -2989.65 1541.49 30418611.41 1.453166e-02
-4738.08 5119.56 -2392.23 2130.77 22338477.29 6.450444e-03
-5530.82 5062.12 -2587.54 2124.37 21785264.83 5.987871e-03
-5082.75 6751.00 -3024.12 1844.53 20917924.46 3.842695e-03
-4496.81 6693.55 -2736.90 1852.88 25331172.82 9.274129e-03
-5209.13 6268.46 -2874.76 1788.32 25777733.43 8.385088e-03
-4807.01 6670.57 -3426.23 1757.94 42679130.70 1.401999e-02
-5886.98 6854.40 -3633.04 2158.66 50342350.73 2.360291e-02
-7357.57 5613.59 -2920.72 2094.63 52567249.55 2.657060e-02
-6312.07 6015.70 -2932.21 2291.89 24644635.71 8.483627e-03
-7265.65 5682.52 -3782.39 2279.67 29384035.29 1.405147e-02
-6909.50 5820.39 -3495.17 2218.20 31105252.94 1.182172e-02
-7886.06 6061.66 -3828.35 2407.89 35702832.97 1.594073e-02
-8586.89 5958.26 -3862.82 2325.54 47963294.06 2.763408e-02
-4956.37 7359.91 -4081.11 2194.48 20801582.76 3.827558e-03
-4898.93 7015.24 -3701.97 1984.02 29770996.39 1.164825e-02
2396.57 13242.26 -4322.37 3181.22 22945254.49 5.139241e-03
2603.37 13759.27 -4873.84 3042.11 33159387.60 3.029359e-02
1523.41 13954.58 -4184.51 3772.64 35829722.25 6.227092e-02
1247.67 13552.47 -4816.40 3744.42 26257795.98 1.321444e-02
673.23 12001.45 -5321.91 3354.65 42038596.48 2.032550e-02
1661.28 12667.81 -4448.75 3546.70 23955027.30 7.476519e-03
2752.73 12162.30 -4632.58 3600.00 21585383.15 5.253949e-03
3166.33 12610.37 -4391.31 3366.69 19434724.78 3.707365e-03
3809.71 13954.58 -4667.04 2447.79 22130446.54 1.538524e-02
3614.40 13989.05 -4425.78 2400.52 34011681.29 3.912662e-02
903.00 10668.73 -4701.51 3642.41 20619247.26 2.907817e-03
1845.10 10634.27 -4690.02 3769.82 28124370.15 1.624053e-02
627.27 10944.47 -5425.32 3383.89 24787936.13 1.227494e-02
971.94 8899.43 -3862.82 3889.60 29911581.59 2.620304e-02
2476.99 8738.59 -3839.84 2844.87 36080073.40 3.574721e-02
2155.30 8508.81 -3724.95 3234.34 27073513.00 1.772360e-02
2959.53 9106.23 -4058.13 2553.67 39358496.64 2.340738e-02
3292.71 9048.79 -3483.68 2124.02 24180054.69 1.109365e-02
3660.36 8991.34 -3472.19 1963.91 32758638.13 1.367561e-02
3499.51 8370.94 -3633.04 2093.30 41718153.04 2.867530e-02
3775.25 8083.72 -3184.97 2022.73 24066183.39 6.759543e-03
3177.82 7624.16 -3345.81 2748.58 24607004.46 8.126603e-03
4050.98 8864.97 -2817.32 2190.97 27717236.66 1.691622e-02
1592.34 15103.48 -5517.23 3889.80 19631670.40 3.894153e-03
1672.77 15402.19 -5069.16 3791.15 23741703.07 1.511498e-02
2982.51 15505.59 -5207.03 3615.79 28954661.34 2.185429e-02
4131.41 14804.76 -4483.22 2452.16 19301073.15 1.273228e-03
4257.78 14885.19 -4586.62 2690.75 37543824.87 3.454871e-02
4648.41 9152.19 -2943.70 2630.75 22440534.15 7.214866e-03
7428.74 -1877.22 1904.65 2826.30 20670095.08 3.317880e-03
7049.60 -1050.02 1468.07 2800.63 25414574.12 8.871862e-03
7313.85 -900.66 1272.75 3025.54 20549387.79 3.313264e-03
8979.75 -487.06 1387.64 2568.47 20781110.78 5.080331e-03
8692.53 -533.01 1261.27 2847.96 24832004.46 1.677359e-02
6555.58 4912.76 -1461.62 2351.83 23692211.15 9.113216e-03
6348.78 5245.94 -1565.02 2252.53 23689850.32 7.245341e-03
6050.06 5073.61 -1519.07 1898.87 31384574.39 2.245318e-02
5797.31 4981.69 -1760.33 1846.39 34699192.52 1.785775e-02
5762.84 5751.45 -1783.31 2434.92 33278261.34 1.628989e-02
5119.46 4751.91 -921.64 2146.94 22796744.49 1.083614e-02
5349.24 4625.54 -668.88 2341.68 28522609.84 8.374965e-02
5831.77 4280.87 -1553.53 1950.34 21488147.25 5.927304e-03
4958.61 4510.65 -1484.60 1974.33 25352403.21 1.949816e-02
5142.43 4568.09 -1427.15 1872.60 26287190.85 2.444580e-02
6050.06 4407.25 -1128.44 1984.58 40843449.40 1.741688e-02
6325.80 3924.71 -1162.91 2210.80 22762619.40 9.272628e-03
6704.93 3752.37 -887.17 2597.43 27320498.38 1.270047e-02
6119.00 3063.04 -691.86 2348.55 20503487.63 2.907373e-03
6050.06 3108.99 -990.57 2403.29 27060495.03 1.379464e-02
9094.64 -820.24 1628.91 2416.90 34166606.12 1.758730e-02
5900.71 3671.95 -1025.04 2206.70 43764162.59 1.862529e-02
8761.46 -1509.57 2031.03 2900.95 26221556.58 1.534545e-02
4786.28 -1486.60 893.62 1118.95 30375421.32 1.402474e-02
4682.88 -1647.44 1491.04 1175.52 35762588.27 1.504429e-02
4613.94 -1452.13 1272.75 1133.47 24839247.89 8.242651e-03
4866.70 -1245.33 1226.80 1201.92 21603153.61 5.766783e-03
5016.06 -1153.42 1445.09 1347.17 23399734.77 8.754355e-03
5326.26 -946.62 985.53 1327.35 45952698.74 4.647954e-02
5900.71 -889.17 778.73 1829.88 25839210.99 1.919456e-02
5923.68 133.35 663.84 1598.79 20837851.27 3.503315e-03
5992.62 202.28 1054.46 1914.43 44963151.38 2.210075e-02
5785.82 -1199.37 1628.91 1833.76 42395604.61 2.098665e-02
5624.97 -1681.91 1755.29 1716.20 29679497.38 2.711373e-02
6004.11 -533.01 2203.36 2602.43 51295104.00 3.813138e-02
5418.17 -1555.53 1904.65 1604.40 29783952.73 1.682119e-02
4981.59 -1716.38 1628.91 1299.28 41249732.02 2.202488e-02
4820.74 -1727.87 2065.49 1400.98 21100443.14 4.711394e-03
4878.19 -1153.42 2134.43 1761.49 34932238.87 3.333703e-02
5487.10 2867.72 -496.55 2483.13 21713193.48 4.689249e-03
-2061.15 -13331.73 4386.27 2989.71 20081470.10 6.791632e-03
-2187.53 -13607.46 4432.22 3136.43 22756538.41 8.693106e-03
-2417.31 -12895.14 3455.66 3239.59 21666502.37 5.124418e-03
7198.96 3166.44 -519.53 3057.60 27288242.78 1.294154e-02
5073.50 5073.61 -2300.32 2314.44 25828213.17 2.354068e-02
5429.66 4499.16 -2047.56 2162.43 33173610.81 2.931894e-02
6027.09 5498.70 -1944.16 2353.79 28396128.02 1.275954e-02
5050.52 6923.33 -2484.14 2626.74 29694682.73 1.744937e-02
5452.64 7026.73 -2943.70 2803.09 24513457.90 1.592463e-02
5050.52 6475.26 -3449.21 3193.17 18879483.62 7.242427e-04
8474.24 673.33 399.59 3810.34 36599754.82 2.673830e-02
7451.72 2166.90 77.90 3039.83 24131711.52 6.770466e-03
7911.28 1845.20 43.43 3440.58 39154037.09 1.935571e-02
5039.03 1592.45 -312.72 1960.39 32530546.27 2.395295e-02
5797.31 1971.58 -393.15 2076.88 23636234.21 7.247728e-03
4464.59 8060.74 -2966.68 2043.20 27998650.16 1.342703e-02
4705.85 7543.73 -3322.83 2405.47 26738952.49 1.424681e-02
-8288.17 5142.54 -2978.16 2021.11 25534009.40 1.238622e-02
-6564.83 4981.69 -2541.58 1974.40 22005983.15 5.847075e-03
-7081.83 4682.98 -2541.58 1973.88 32565590.71 1.673733e-02
-7231.19 4901.27 -2989.65 1918.36 30305733.06 1.840653e-02
-6920.98 4705.96 -2897.74 1873.64 36112334.14 1.938062e-02
-7552.88 5441.25 -3931.75 2342.03 40152846.32 2.418007e-02
-8472.00 5337.85 -3816.86 2124.30 21899908.25 7.737027e-03
-6105.27 4579.58 -2690.94 2056.63 29894225.44 1.364770e-02
-6403.98 4533.62 -2897.74 1978.91 25352428.89 7.702009e-03
-6082.29 4958.72 -2966.68 1942.80 23424365.17 7.591413e-03
-5944.42 5108.07 -2909.23 1972.71 33023592.55 1.337082e-02
-8069.88 5487.21 -3012.63 2029.78 36225743.21 2.457748e-02
4510.54 8347.96 -2886.25 2063.09 23615152.77 7.173820e-03
-7897.55 5372.32 -2840.30 2012.24 44516195.30 1.582241e-02
-8334.13 3959.18 -2610.52 2153.28 34600605.86 1.504152e-02
7888.30 14092.45 -2288.83 4052.09 27696629.44 1.511386e-02
7244.92 15000.08 -2127.98 4592.81 39173036.76 1.284100e-02
8715.50 14965.61 -2334.78 4492.68 33120296.02 4.375273e-02
6176.44 10496.40 -1748.84 3884.96 19872369.35 1.789660e-03
6073.04 11243.18 -1048.02 4669.48 49045234.10 2.837046e-02
6957.69 10220.66 -2553.07 3208.33 20850478.90 1.187150e-02
7118.54 10553.84 -3265.39 3000.48 20286107.70 3.252833e-03
6555.58 11748.70 -3322.83 2657.70 22917191.55 8.878381e-03
5843.26 10818.09 -3093.05 3191.64 24413231.16 1.227222e-02
5406.68 10553.84 -3070.08 3442.86 33756783.10 2.087603e-02
5130.95 7325.44 -2886.25 2479.37 32902832.20 2.685697e-02
5716.88 7830.96 -2288.83 3289.88 46015210.34 3.091639e-02
6498.13 7463.31 -2231.38 3946.80 24791714.49 1.893073e-02
6486.64 2500.08 -71.46 2374.32 28712592.80 3.554660e-02
7692.99 9416.44 -3104.54 3311.20 29830676.37 1.463342e-02
8393.81 9267.08 -2966.68 3150.15 22363571.64 8.297178e-03
9152.09 8887.94 -2323.29 3545.21 21690667.11 5.780919e-03
8577.64 10094.29 -3426.23 3158.34 22039450.84 8.887740e-03
8841.88 14574.98 -3656.01 4604.57 41913063.10 3.438830e-02
8772.95 10071.31 -3288.37 3104.24 23195050.96 8.039448e-03
9175.06 13586.93 -3070.08 4278.03 23768641.23 1.194600e-02
7141.52 13012.48 -3368.79 3297.59 25471713.50 1.614485e-02
3936.09 7785.00 -3299.86 2179.52 31712389.66 1.531103e-02
4131.41 8784.54 -3701.97 2073.00 31068654.02 1.403258e-02
4005.03 8922.41 -3483.68 1940.84 25456142.95 1.244402e-02
4613.94 8439.87 -3196.46 2055.75 31145060.13 1.885639e-02
6050.06 2109.45 -301.23 2088.60 30717589.92 1.485462e-02
2787.20 11484.45 -4046.64 3780.07 25718390.72 2.012692e-02
2844.64 9726.64 -3885.79 2883.82 26033576.65 1.360746e-02
3522.49 10151.73 -3816.86 3045.13 19472883.33 5.243420e-03
3648.87 10117.26 -3701.97 3006.32 25107283.90 1.565183e-02
4039.49 12196.77 -3483.68 3721.76 21235972.83 1.255094e-02
4257.78 14035.00 -3966.22 2865.15 25102355.08 2.159321e-02
6842.80 14299.25 -3173.48 3964.26 23525410.25 1.287298e-02
5464.13 13046.95 -3288.37 2905.46 20465245.20 3.643167e-03
5739.86 13035.46 -3184.97 2870.86 24357062.48 1.358929e-02
5211.37 13357.15 -4081.11 3065.86 54781623.05 2.765142e-02
5464.13 12288.68 -3667.50 2739.23 23655387.96 9.715538e-03
5923.68 12690.79 -3552.61 2394.87 27988516.89 1.950651e-02
6521.11 12196.77 -3116.03 2694.21 25598684.96 1.652857e-02
6613.02 2086.47 -450.59 2418.50 42700787.38 3.945698e-02
6141.98 12139.32 -3920.26 2630.89 24396965.54 3.696264e-02
6831.31 11760.19 -3736.44 2848.01 29215722.70 1.612113e-02
7957.23 12690.79 -2622.01 3844.94 29967139.09 1.607154e-02
8933.80 9921.95 -2311.80 3013.29 43874394.20 1.897223e-02
8118.08 10347.04 -2794.34 2837.98 25154206.12 1.385888e-02
7624.05 10059.82 -2702.43 2923.90 25446566.08 1.768944e-02
-5289.55 4154.49 -1817.78 3364.03 36799006.49 2.786525e-02
-7231.19 4039.60 -2541.58 2363.40 39589495.45 2.177213e-02
-7093.32 3913.22 -2736.90 2443.71 25935712.45 1.185723e-02
-7966.48 3775.35 -2633.50 2336.19 47713929.02 1.874897e-02
-8540.93 3511.11 -3093.05 2126.07 52791105.94 1.949010e-02
7279.38 11415.52 -3633.04 3137.18 25654750.92 1.640634e-02
5498.59 10312.58 -4161.53 3789.44 26916018.48 3.461671e-02
5797.31 12932.06 -4184.51 2978.11 25902183.12 1.252417e-02
776.63 16884.27 -5379.36 4082.93 35766741.56 2.899606e-02
-15009.22 8600.72 -6631.66 4329.85 32339762.10 3.122137e-02
-13963.72 10048.33 -6907.39 4730.87 52238670.73 2.435239e-02
-14216.48 8658.16 -7022.28 4630.73 32445248.08 2.502882e-02
-14790.93 8095.20 -5999.76 4638.52 33953343.52 2.829815e-02
-8931.55 7980.31 -5609.14 4175.94 24522322.59 1.285002e-02
-9299.20 8049.25 -5769.98 4289.81 28896316.72 1.507916e-02
-12964.18 10415.98 -7010.79 4843.17 33857763.11 1.905012e-02
-8012.44 5142.54 -2725.41 2049.46 19216276.57 1.110683e-03
-11941.66 10484.91 -6895.90 4711.13 29844454.46 1.752011e-02
-11091.48 9416.44 -7079.73 4630.72 32184583.90 1.424070e-02
4786.28 -1050.02 502.99 1225.45 25039822.93 7.862439e-03
-1084.59 5854.86 -2897.74 1876.02 25654829.67 1.040932e-02
-1119.05 6153.57 -2323.29 1806.24 20030493.89 2.467993e-03
-1279.90 6544.19 -2472.65 1831.89 25170083.12 1.386339e-02
-912.25 6590.15 -3047.10 1755.51 22680411.35 8.050415e-03
-762.90 6808.44 -2656.47 1716.29 27924058.75 1.157286e-02
-1119.05 7394.38 -2886.25 2254.72 25153230.29 8.451964e-03
-785.87 6728.02 -3081.57 1775.62 22874039.13 7.415965e-03
-2796.44 7601.18 -3610.06 2666.22 30760266.41 2.712699e-02
-2463.26 6705.04 -3460.70 2456.97 20962314.65 3.524252e-03
-3738.54 7348.42 -3816.86 2490.05 37198923.94 3.394754e-02
-3416.85 6796.95 -2897.74 2096.06 24945588.15 8.673362e-03
-2302.42 6705.04 -2438.18 2316.60 21578295.51 4.552737e-03
-2417.31 6279.95 -2438.18 2146.08 39648230.41 1.528680e-02
2706.77 5326.36 -1553.53 1774.24 31223051.55 1.289291e-02
3292.71 5268.92 -1542.04 2013.28 32751187.55 1.693693e-02
4705.85 5085.09 -1415.66 2125.10 27930651.63 1.412162e-02
4292.25 6084.63 -1806.29 2560.53 31544939.92 1.589858e-02
4073.96 4097.04 -806.75 2404.58 26239446.87 1.455118e-02
-5668.69 -12561.96 3168.43 3781.86 41104541.57 2.835089e-02
4280.76 4384.27 -1231.84 2208.42 46618936.78 2.016290e-02
3350.16 4556.60 -1036.53 2212.80 43930776.88 1.872792e-02
2948.04 4499.16 -1197.37 2077.61 30877198.75 1.309615e-02
-5128.70 -12447.07 2984.61 3453.53 20989249.39 4.098601e-03
-4910.41 -12493.03 2754.83 3456.77 23866111.67 9.098132e-03
-7805.64 -11045.42 2099.96 4506.56 33165139.89 1.954811e-02
4005.03 -10735.22 4363.29 4351.70 43943329.19 2.626926e-02
4154.38 -11206.27 4363.29 4526.35 26981416.50 1.294735e-02
3269.73 -10861.60 4018.62 4336.92 32048912.12 1.853462e-02
1029.38 -11527.96 4259.89 3507.30 27697606.98 1.233798e-02
948.96 -10976.49 3719.91 3487.03 21246758.37 4.105701e-03
-119.51 -10505.44 3685.44 3580.16 34677508.45 2.265863e-02
-188.45 -12699.83 4547.11 2536.64 34378660.05 1.613759e-02
6199.42 1328.20 353.64 1809.22 24280214.67 8.759467e-03
5912.20 1040.98 66.41 1687.14 43493853.06 1.678437e-02
6015.60 466.53 192.79 1678.07 21729945.30 4.765649e-03
5739.86 386.11 227.26 1581.44 29732130.80 1.538105e-02
3855.67 6463.77 -1702.89 2747.48 48068324.65 5.007985e-02
2224.24 6027.19 -1599.49 1842.68 22341245.58 2.030672e-02
2350.61 6119.10 -1817.78 1708.37 26191452.94 1.021305e-02
1707.23 5510.19 -1909.69 1588.88 42905387.30 1.987544e-02
-1946.26 6498.24 -2357.76 2194.66 32968932.13 1.217740e-02
-4106.19 5487.21 -2449.67 1520.09 31531778.14 1.569076e-02
-4048.74 5774.43 -2369.25 1483.48 24396832.01 9.432715e-03
-3922.36 5889.32 -2311.80 1509.31 33219724.98 1.538088e-02
-3646.63 5762.94 -2300.32 1523.06 22584416.64 6.222222e-03
-3256.00 6084.63 -2300.32 1827.72 26268129.55 8.712598e-03
-3037.71 6337.39 -2840.30 1812.95 32213913.72 1.516141e-02
-3692.58 5785.92 -2622.01 1293.64 30426380.42 1.434529e-02
-3750.03 5613.59 -2828.81 1333.85 22664722.67 6.348970e-03
-3416.85 5831.88 -3104.54 1591.72 36651648.66 1.480800e-02
-2957.29 5992.72 -2943.70 1761.17 36670141.58 1.807581e-02
-3049.20 5831.88 -3495.17 2157.10 38524284.99 1.875043e-02
-3853.43 5360.83 -3161.99 1783.33 49432698.53 2.122131e-02
-3795.98 5349.34 -2828.81 1553.16 19905516.91 2.395162e-03
-2761.98 5303.38 -2874.76 2323.06 24434156.81 1.593104e-02
-27.60 5050.63 -2392.23 1933.26 36537688.34 1.344827e-02
-108.02 5016.16 -2277.34 1949.13 41103223.34 1.779767e-02
167.71 3407.70 -1725.87 3806.74 32056883.14 1.181602e-02
-648.01 3740.88 -1312.26 3980.51 31632244.56 1.654364e-02
64.31 4993.18 -1875.22 2180.80 43935440.34 1.907332e-02
-1302.88 4717.45 -1783.31 3121.73 20138138.69 3.447841e-03
-27.60 5671.03 -1771.82 2043.83 38577414.88 2.104527e-02
1856.59 5211.47 -1507.58 1803.16 23513155.82 7.600407e-03
-1590.10 6165.06 -3139.01 2173.22 39801932.87 5.325980e-02
5601.99 799.71 100.88 1602.82 22536373.07 7.257039e-03
3591.42 -923.64 801.71 1744.48 42568392.34 3.534310e-02
3465.05 -636.41 893.62 1901.24 41050993.95 3.065411e-02
3338.67 -211.32 1146.38 2085.00 31323778.20 3.374157e-02
2902.09 -234.30 2019.54 2390.41 19267103.84 2.736645e-03
2879.11 75.90 2076.98 2574.12 21842979.44 7.041526e-03
3786.74 -84.94 2754.83 2403.39 28201933.57 2.304493e-02
3143.35 -797.26 1824.22 2063.53 24935947.94 1.110428e-02
696.20 -14779.34 5810.90 2745.16 25856262.42 1.144091e-02
3499.51 -877.68 1789.76 1868.19 21654936.17 5.959457e-03
3775.25 -1027.04 2548.03 1870.87 43974446.32 5.924205e-02
4073.96 64.41 1674.87 2037.00 20569960.78 4.121557e-03
-3566.20 1730.31 -898.66 2662.30 33828453.85 3.304816e-02
-2819.42 1879.67 -1071.00 3525.40 25357975.73 2.123582e-02
98.78 7348.42 -3449.21 2281.68 29164397.24 2.766874e-02
454.93 7268.00 -3139.01 2323.29 34354202.56 2.085302e-02
-556.09 7313.95 -2679.45 2080.14 31692455.25 2.559607e-02
-498.65 6739.51 -2966.68 1730.09 41779740.17 1.863402e-02
-153.98 6440.79 -2323.29 1825.05 33353424.55 1.602258e-02
236.64 6613.13 -2599.03 1845.07 23069644.26 7.188955e-03
225.16 6613.13 -2644.98 1837.17 48141741.63 2.063737e-02
420.47 5889.32 -2127.98 1823.22 26092222.58 1.047631e-02
-567.58 5728.48 -2622.01 1691.01 35819628.36 1.477437e-02
-441.20 5556.14 -2978.16 2020.36 25492580.95 1.074017e-02
-498.65 5372.32 -2346.27 1789.35 29545804.65 1.361011e-02
-602.05 5808.90 -2311.80 1697.49 41276962.93 1.931491e-02
-1268.41 5820.39 -2288.83 1995.50 24448433.10 7.601230e-03
-3899.39 1132.89 -691.86 2217.14 25488187.98 1.036662e-02
-4025.76 1236.29 -1289.29 2551.96 31450965.36 1.872093e-02
-3577.69 2063.50 -1289.29 3263.53 35345913.87 1.612526e-02
-3256.00 2029.03 -1139.93 3266.66 33715736.42 1.408120e-02
3729.29 -257.28 1916.14 1961.40 20805304.62 6.100354e-03
4430.12 420.57 1559.98 2235.36 25765710.13 1.046355e-02
4131.41 -1486.60 2973.12 1732.50 30863715.12 2.836384e-02
4131.41 -1268.31 3283.32 1979.29 29495770.03 2.495244e-02
3821.20 -337.70 3110.99 2451.36 30306599.32 3.128113e-02
3200.80 -624.92 2984.61 2331.72 18894432.72 2.194968e-03
3407.60 -1360.22 3145.46 1977.77 21242933.79 1.098022e-02
3740.78 -1210.86 3765.86 2342.68 34148469.29 3.890951e-02
9450.80 2580.50 -220.81 4177.20 23770950.71 9.591694e-03
9301.44 3051.55 -462.08 4249.86 42026605.70 2.228814e-02
10611.18 6406.33 -1369.71 3264.46 27140095.72 1.797799e-02
9565.69 6762.48 -1691.40 3574.22 21731542.59 5.821709e-03
10013.76 5544.65 -1588.00 4031.75 22339018.28 7.566027e-03
10381.41 6946.31 -335.70 3345.65 22562708.61 9.453906e-03
10726.07 6819.93 -599.95 3086.46 24313956.28 1.149342e-02
10622.67 6773.97 -289.75 3340.98 24969932.65 1.833848e-02
12001.35 5395.30 204.28 3669.97 26990341.10 1.502265e-02
13219.18 5843.37 261.72 3193.48 31334135.74 1.971333e-02
12794.09 6934.82 250.24 2927.65 25105719.14 2.761745e-02
13655.76 6613.13 -14.01 3252.87 27461773.51 1.925469e-02
-3692.58 386.11 -588.46 2368.08 51821530.66 2.537197e-02
-3566.20 75.90 -611.44 2777.95 29466943.54 1.669465e-02
-4244.05 776.73 -703.35 2054.66 28260743.85 1.085040e-02
9473.78 6211.01 -1588.00 3802.37 20576449.22 5.023328e-03
4958.61 1132.89 -312.72 1943.14 23442318.81 6.568376e-03
5326.26 1408.62 112.37 1690.44 28858745.39 1.229415e-02
9933.34 -441.10 1031.49 2869.58 35926788.66 1.771927e-02
10599.70 52.93 2306.76 3473.96 23118869.11 1.060718e-02
9864.40 -429.61 1824.22 2582.39 20914541.57 3.395207e-03
10209.07 -326.21 1916.14 2902.14 30193847.66 2.340673e-02
11369.46 282.70 2973.12 4275.81 22423708.72 6.364183e-03
10657.14 -682.37 3375.24 4367.24 23935755.43 2.133584e-02
13081.31 -1693.40 4202.44 3155.35 19763139.25 1.799445e-03
13012.38 2293.27 3156.95 3773.22 24142745.29 9.600160e-03
11243.08 730.77 2525.05 4100.39 41568922.29 3.750276e-02
10703.10 1500.54 514.48 4346.51 26513748.76 1.364761e-02
12380.49 1764.78 2019.54 3826.63 34511869.99 1.686811e-02
13012.38 2523.05 2513.56 3393.32 40591869.04 1.934249e-02
13058.34 1994.56 2410.16 3481.52 31560919.63 1.807350e-02
12633.24 1822.23 1525.51 3978.27 20076055.08 4.417336e-03
13046.85 4349.80 606.39 3574.31 27147017.30 1.789974e-02
12977.91 4200.44 1180.84 3470.41 27207007.14 2.775137e-02
12587.29 4637.02 1594.45 3575.92 45572725.97 4.381815e-02
12391.98 2637.94 1353.18 3922.56 42801983.11 2.498612e-02
13644.27 4671.49 2731.85 4307.92 22831328.40 1.102217e-02
11886.46 5510.19 2708.88 5012.59 46688542.87 5.540681e-02
12736.64 5222.96 893.62 3239.32 26836493.12 1.775356e-02
13196.20 5671.03 928.09 3291.40 30445883.41 2.322338e-02
15827.18 6142.08 640.86 4743.75 32398860.00 2.211566e-02
9577.18 -349.19 1111.91 2633.36 25531283.91 1.291129e-02
15907.60 4751.91 3639.48 4918.90 34330570.25 3.273770e-02
9944.82 -1072.99 1364.67 2818.94 26330750.72 1.109741e-02
15919.09 2281.79 2019.54 3666.53 21277596.45 9.075881e-03
13885.54 -1429.15 3306.30 3078.09 27263788.71 1.674327e-02
13954.48 -1164.91 3547.57 2838.69 33191206.65 2.457088e-02
13644.27 98.88 3627.99 3816.81 19321473.22 1.434107e-03
14804.66 -705.35 3593.53 2983.86 26851248.76 1.452865e-02
15103.37 -1061.50 3076.52 3345.52 24009064.55 1.358138e-02
15574.42 -889.17 4007.13 3171.69 20160329.50 2.567102e-03
16194.82 -1727.87 3903.73 3257.99 22417418.86 1.079008e-02
17493.08 -1590.00 4662.00 3661.96 21299114.45 3.760584e-03
16585.45 -1095.97 3708.42 3387.00 22304129.64 4.667155e-03
17642.43 -705.35 4305.84 3737.67 27383241.10 2.272983e-02
17837.75 305.68 4455.20 4068.79 21253734.73 5.743664e-03
776.63 386.11 -1783.31 4103.64 31537461.94 1.915707e-02
1753.19 627.37 -1967.14 3396.80 30159981.07 1.204673e-01
16631.41 -452.59 4317.33 3460.90 21412162.29 7.975397e-03
16792.25 765.24 4753.91 4109.18 34111596.45 3.270945e-02
17607.97 1443.09 4753.91 4353.18 24553571.54 2.302659e-02
17780.30 397.59 4099.04 4020.29 25782078.46 1.080707e-02
16619.92 1512.02 3248.86 3816.63 36557201.60 2.553404e-02
17182.88 2454.12 3536.08 3949.14 23643927.90 8.550521e-03
14459.99 409.08 3386.72 3745.70 29908575.34 1.918387e-02
14586.37 1374.16 3673.95 3915.05 33064892.60 2.113040e-02
15585.91 2591.99 2065.49 3482.15 20464842.88 2.667297e-03
15689.31 2006.05 2329.74 3549.66 21964847.45 5.865715e-03
9266.98 -1406.17 1559.98 2745.93 26614098.77 1.870880e-02
15390.60 2660.92 3271.84 3521.85 22837443.63 9.505051e-03
14115.32 2649.43 3260.35 3523.38 22989018.09 1.122811e-02
14437.01 3131.97 3099.50 3562.09 54040180.71 6.884171e-02
2787.20 5716.99 -2323.29 1428.36 24480238.45 1.569409e-02
3338.67 6808.44 -2840.30 2672.60 32834424.50 1.684672e-02
4832.23 6486.75 -2196.91 2663.09 24758861.40 1.717305e-02
2534.44 6222.50 -2713.92 1872.48 34146185.50 1.729798e-02
2499.97 5774.43 -2587.54 1466.54 22135070.62 6.182756e-03
2706.77 6119.10 -2403.72 1625.82 24499854.43 1.178228e-02
2212.75 5866.34 -2300.32 1362.66 30815906.08 2.640200e-02
2086.37 5762.94 -1955.65 1410.75 22510879.82 5.773540e-03
1925.52 5648.05 -2415.21 1519.09 30273249.76 1.182389e-02
2143.81 5648.05 -2300.32 1377.14 28367900.73 1.057226e-02
1776.17 5211.47 -3483.68 2776.70 20197849.47 1.949269e-03
742.16 5648.05 -2530.09 1881.39 40057748.69 1.990990e-02
1500.43 5349.34 -2116.49 1696.15 27300890.96 1.116955e-02
1132.78 6096.12 -2713.92 1860.61 29039216.53 1.735988e-02
1247.67 6107.61 -2863.28 1985.83 25451385.33 8.766785e-03
546.85 5992.72 -2059.05 1883.47 38897933.66 2.255719e-02
1178.74 6429.30 -2127.98 1924.31 21848045.22 6.439466e-03
1270.65 6670.57 -2311.80 2039.31 21569971.82 9.228677e-03
1603.83 6555.68 -2392.23 1954.15 22520085.19 6.805470e-03
684.71 7026.73 -2886.25 2196.54 23504207.25 6.324685e-03
1040.87 179.30 -1944.16 3910.09 25204762.90 2.446757e-02
2120.84 282.70 -3058.59 4385.19 32467353.29 3.382130e-02
1420.01 478.02 -3070.08 4616.48 42022106.59 3.832441e-02
3281.22 5510.19 -2403.72 1766.52 22166477.08 7.134845e-03
3212.29 5567.63 -2518.61 1749.88 28951281.87 1.233695e-02
4338.21 5372.32 -1955.65 2278.19 44061007.96 1.755541e-02
4464.59 4993.18 -2415.21 2498.34 35885926.88 4.581678e-02
14712.75 2683.90 2295.27 3345.51 27784639.42 1.627477e-02
13747.67 3603.02 1985.07 3565.35 27734366.83 1.137857e-02
16332.69 4453.20 2237.83 3946.47 21276079.63 1.643133e-02
17113.94 2902.19 2559.52 3774.42 44789127.59 3.000818e-02
17251.81 2660.92 2846.74 3832.98 46037681.92 2.895668e-02
14161.28 3626.00 100.88 4627.80 32881884.29 2.299292e-02
13701.72 5625.08 123.86 3565.17 26640667.14 1.726016e-02
3292.71 4177.47 -1427.15 2193.60 20702234.26 3.573399e-03
2637.84 3063.04 -1415.66 3215.77 43262727.56 1.669050e-02
4590.96 2959.63 -358.68 2876.60 25756201.73 1.065395e-02
3890.14 3637.48 -726.33 2721.36 26131077.90 1.312377e-02
14540.41 -1739.35 3880.75 2817.42 32045320.36 2.168660e-02
3637.38 3855.77 -760.79 2569.19 30654862.61 1.696282e-02
1971.48 4441.71 -1610.98 2011.37 24125377.15 7.334463e-03
2304.66 4108.53 -1725.87 2165.18 39389754.15 1.424695e-02
2201.26 4637.02 -1599.49 1828.99 37942475.45 1.942265e-02
1959.99 3683.44 -1990.11 2784.66 23593612.51 7.766583e-03
466.42 4832.34 -2518.61 2275.54 34813731.50 1.534678e-02
1557.88 5050.63 -2208.40 1822.16 31810962.62 1.604263e-02
1339.59 4671.49 -2013.09 2148.17 40586383.82 1.479511e-02
3005.49 4384.27 -2426.69 2319.57 22995811.27 5.038789e-03
2856.13 5165.52 -2541.58 1700.09 31726712.17 3.720947e-02
2959.53 5177.01 -2530.09 1717.93 32992728.79 3.641986e-02
3120.38 4993.18 -1932.67 1791.18 31884417.27 1.313570e-02
2304.66 4993.18 -1381.20 1843.14 29260741.19 1.242708e-02
5326.26 1546.49 158.32 1791.45 26860145.98 9.704325e-03
13908.52 -820.24 4053.09 3048.02 31358589.80 1.753484e-02
14965.50 -8506.36 7189.57 4007.22 29913903.05 2.539979e-02
12277.09 -3198.45 4110.53 3222.18 24921113.54 1.056168e-02
12472.40 -2750.38 4524.13 3110.08 25953763.67 1.366731e-02
12748.13 -2141.47 4501.16 3205.37 28370848.77 1.453238e-02
12208.15 -2819.32 4259.89 3214.19 23050701.10 7.890626e-03
9358.89 -2911.23 4294.35 3669.83 22724460.85 1.019786e-02
10772.03 -3566.10 4443.71 2846.93 31600291.98 1.618956e-02
9025.71 -3060.59 3547.57 3385.09 42459711.79 3.131672e-02
17447.12 -2899.74 4650.51 4133.92 21376915.84 5.937855e-03
17355.21 -2359.76 4363.29 3767.81 21129327.84 5.008668e-03
16528.00 -2911.23 4650.51 3778.85 44404943.34 4.009123e-02
15861.64 -2244.87 4225.42 3438.46 31727071.69 1.532176e-02
13506.41 -3554.61 4776.89 3319.76 28922188.31 2.233181e-02
14345.10 -2325.29 3777.35 3257.71 20273860.12 3.013313e-03
13931.50 -4037.15 4995.18 3484.90 48874524.72 3.425926e-02
17470.10 -1992.11 6075.14 4798.36 37732739.55 4.035745e-02
16436.09 -4795.42 5581.12 4433.17 31647080.67 3.636428e-02
15827.18 -5323.91 6258.97 4290.36 23490394.92 1.258372e-02
15229.75 -5703.05 5477.72 4058.71 36802875.59 2.425030e-02
13655.76 -4875.84 4949.22 3643.33 24884245.84 1.406982e-02
14517.43 -4611.60 5293.89 3637.44 29582300.85 2.053050e-02
14322.12 -4106.08 4937.74 3626.64 36156339.13 4.008954e-02
15160.82 -4875.84 5902.81 3922.33 24305497.34 2.801883e-02
10840.96 -3784.39 4891.78 2564.78 35793205.50 2.628214e-02
10266.52 -5415.82 4489.67 2485.21 20595972.75 2.929861e-03
12575.80 -1957.64 5316.87 3947.67 30333326.91 1.826531e-02
10048.23 -5300.94 4662.00 2294.66 22217554.30 6.825569e-03
5429.66 -877.68 -14.01 1925.93 20526378.65 4.419229e-03
5211.37 960.55 169.81 1681.07 49114610.78 2.167292e-02
4912.66 340.15 365.13 1681.50 24416655.14 9.172514e-03
-257.38 -12688.34 4512.64 2504.99 23472766.56 8.627678e-03
-291.85 -14044.04 5787.92 3056.54 25629714.78 1.133550e-02
512.38 -14641.47 6523.21 3014.53 29009506.65 1.475469e-02
4901.17 -429.61 365.13 1299.50 30715867.66 2.146979e-02
12644.73 -12251.76 8729.10 4503.44 33689313.57 3.849889e-02
12472.40 -12205.81 7499.78 3979.46 19572843.00 1.543121e-03
12989.40 -11619.87 7752.53 4026.92 29387743.46 2.373219e-02
11599.24 -12642.39 7913.38 3774.77 23430648.18 1.505236e-02
10772.03 -12952.59 7660.62 3900.79 45833047.75 2.628002e-02
10691.61 -12964.08 7086.17 4150.42 20203540.13 2.565737e-03
9933.34 -15043.58 8039.76 4474.75 36999627.76 3.892300e-02
8968.26 -13986.60 7534.24 3583.36 30717678.94 1.874628e-02
11220.10 -13147.90 8189.11 3981.81 22428628.97 9.417729e-03
10657.14 -4519.69 4776.89 2047.27 25843838.50 1.162337e-02
10932.88 -4496.71 4432.22 2314.51 29110082.64 1.346359e-02
10749.05 -4266.93 4765.40 2087.30 24608122.39 9.581363e-03
9990.78 -4623.09 4501.16 2229.82 21660994.90 4.191877e-03
9749.51 -4956.27 4616.04 2224.32 38330422.66 2.037907e-02
8968.26 -5254.98 4524.13 2452.36 26973876.90 1.412053e-02
9221.02 -5691.56 4466.69 2593.53 38037805.90 1.513224e-02
6199.42 -165.37 342.15 1973.08 34570947.34 3.107551e-02
8876.35 -5840.92 4386.27 2767.50 34963119.75 1.581891e-02
11874.97 -3991.19 5087.09 2793.55 38227651.90 2.380311e-02
11174.14 -4669.04 5144.54 2314.52 53307818.77 2.174744e-02
11863.48 -4806.91 5581.12 3004.11 21299254.83 8.286879e-03
2431.04 1420.11 -645.90 3367.92 30288784.35 2.150821e-02
1638.30 857.15 -243.79 3952.49 38352729.89 3.407962e-02
12518.35 -9115.27 5937.28 3751.34 29299630.76 3.376818e-02
12840.05 -8942.94 6890.86 3310.62 19637463.78 4.302880e-03
13023.87 -9126.76 6775.97 3231.80 33469247.52 1.875097e-02
12300.06 -10631.82 6695.55 3860.86 20993907.72 8.051102e-03
12426.44 -9896.52 6040.68 3784.92 23829992.11 1.860739e-02
11013.30 -9482.92 6155.57 4031.91 27433294.56 2.676364e-02
10944.36 -8609.76 6580.66 4067.96 24182739.09 1.605292e-02
8968.26 -9011.87 6052.17 3467.15 29401648.24 1.948919e-02
9140.60 -9850.57 6546.19 3923.12 27698536.60 1.746053e-02
10140.14 -10574.37 6350.88 4318.67 24524796.41 9.865680e-03
10025.25 -10482.46 6293.43 4283.84 22775529.51 5.784421e-03
12748.13 -10344.59 7924.87 4014.67 25776798.69 1.532422e-02
14781.68 -9712.70 7695.09 4286.27 37739073.91 2.201393e-02
14620.84 -10011.41 7741.04 4289.09 25986538.01 1.465718e-02
14138.30 -10413.53 7660.62 4100.52 22232945.09 1.476063e-02
13425.98 -9735.68 6167.06 3724.61 21049922.32 1.031964e-02
13874.05 -8379.98 6304.92 3763.57 21576268.52 6.283612e-03
15333.15 -7931.91 6385.35 4219.58 23216014.28 1.064165e-02
15494.00 -7139.17 6707.04 4103.77 20831643.59 3.257142e-03
14793.17 -6794.50 6557.68 3947.31 19062377.22 5.124732e-03
14092.34 -6805.99 6626.61 4073.03 26478305.43 1.840892e-02
1351.07 1960.09 -1840.76 4057.98 28097853.13 1.332376e-02
4809.25 1994.56 -59.97 2256.18 32532693.11 1.806041e-02
3545.47 1684.36 -542.50 2875.00 29085573.80 1.732895e-02
3476.53 638.86 -1553.53 3159.64 24966005.35 1.528926e-02
12035.82 -5082.64 5029.65 2975.91 20869608.68 6.031394e-03
12334.53 -4634.57 5029.65 3017.30 29192193.11 2.054993e-02
11151.17 -5990.27 5730.47 3301.84 40600004.41 2.244199e-02
10852.45 -5817.94 5328.36 2856.96 21424462.94 4.686654e-03
10404.38 -6311.96 5868.34 3237.59 29133249.29 2.000301e-02
9266.98 -4496.71 5305.38 2902.78 33009198.14 2.280259e-02
10105.67 -4404.80 5259.43 2458.26 27004064.42 1.136495e-02
13012.38 -8494.87 7683.60 3944.94 31512227.21 3.814617e-02
4981.59 -1015.55 296.19 1400.91 29430437.07 1.209215e-02
9783.98 -6564.72 6006.21 3220.46 26432816.14 1.534746e-02
9772.49 -6794.50 5937.28 3216.59 24139687.68 1.380638e-02
14230.21 -1808.29 4535.62 3165.69 22156604.03 7.004789e-03
8876.35 -7575.75 5833.88 3051.79 27673699.04 1.471285e-02
8876.35 -7277.04 5638.56 3063.58 30790681.62 1.557679e-02
13092.80 -6564.72 6109.61 4325.49 22620558.46 8.071362e-03
2971.02 87.39 -1978.62 3453.40 32914196.39 3.049466e-02
3258.24 -521.52 -1829.27 3696.46 22554405.46 5.057500e-03
2925.06 110.37 -898.66 3109.71 21081013.77 3.572447e-03
3200.80 98.88 -588.46 2931.58 21497111.23 6.495430e-03
4269.27 949.06 -1484.60 3202.42 24578862.77 6.730547e-03
4315.23 569.93 215.77 2121.27 30234569.05 1.505754e-02
4372.67 1420.11 54.92 2260.22 33298373.80 1.365602e-02
3993.54 1466.07 -519.53 2564.12 54531138.36 8.028293e-02
2867.62 1730.31 -427.61 3291.20 22450259.97 4.438252e-03
8979.75 -7943.40 5879.83 3127.33 29106912.04 4.381081e-02
-4669.15 -14675.94 3731.39 2961.81 27255375.99 2.326770e-02
-8851.13 -12918.12 3042.06 3486.98 28136444.81 1.859956e-02
-9069.42 -13952.13 3478.64 3409.38 25798414.27 1.637932e-02
-4381.92 -14848.27 4581.58 2663.37 32269327.41 2.051378e-02
-4140.65 -13791.28 4512.64 3129.48 43140354.51 2.315572e-02
-4129.16 -14767.85 4007.13 2911.21 23223976.74 1.471440e-02
-3083.67 -13136.41 3386.72 3503.19 37925574.68 2.092133e-02
-4634.68 -13078.97 3421.19 3190.84 29912276.66 1.864429e-02
-4692.12 -13687.88 3099.50 3286.70 36968394.21 3.042875e-02
-3210.05 -11079.89 2651.43 4060.45 24115101.79 9.409915e-03
-4002.79 -11194.78 2134.43 4266.00 34229117.72 2.285960e-02
-1831.37 -11550.94 3765.86 3401.67 22231549.82 7.832078e-03
-2382.84 -12044.96 3524.59 3317.26 25033260.87 9.620382e-03
-1911.79 -12056.45 3846.28 3011.36 23047256.57 1.009918e-02
-1819.88 -12527.50 3800.33 2793.42 22580556.11 6.998569e-03
-808.85 -13469.59 4972.20 2502.11 31187575.69 1.766124e-02
-648.01 -13320.24 4730.93 2361.10 21309293.94 5.688737e-03
-590.56 -13607.46 5201.98 2668.60 24454596.26 1.479439e-02
-1027.14 -12734.30 4926.25 2632.47 22386377.06 1.340528e-02
-2463.26 -14882.74 5730.47 3206.53 24630357.72 1.019079e-02
-3520.25 -14388.71 5247.94 3016.66 22880356.38 7.780346e-03
-3738.54 -14158.93 5156.03 3099.49 35505841.13 2.026740e-02
-5783.58 -14492.11 4684.98 3215.15 28141462.65 3.508138e-02
-7897.55 -11792.20 2800.79 4464.22 24495178.98 9.812052e-03
-8184.77 -11596.89 2433.14 4311.13 28231621.19 2.886913e-02
-8598.37 -14388.71 4064.57 4111.62 21977903.09 1.178539e-02
-831.83 -11723.27 3915.22 3117.00 29203516.21 1.631198e-02
-6105.27 7268.00 -4437.26 2482.61 25930420.69 1.206549e-02
-6633.76 -923.64 -898.66 4074.11 34346279.47 3.002669e-02
-8609.86 3189.41 -2380.74 2177.02 24169466.03 1.078976e-02
-8690.29 2431.14 -2656.47 2300.01 36219254.77 1.309773e-02
-8770.71 2856.23 -2690.94 1963.44 44943648.39 1.927700e-02
-7989.46 1741.80 -2185.43 3486.77 33100827.27 2.917566e-02
-5634.22 1546.49 -1358.22 4223.72 25536808.50 1.095647e-02
-4416.39 546.95 -772.28 2202.06 28728031.53 1.058470e-02
-4772.55 903.11 -462.08 2812.73 32429217.00 2.010966e-02
-4370.43 317.17 -864.19 2370.15 35884995.56 1.549302e-02
-5278.06 -199.83 -783.77 3627.35 33626045.26 1.659470e-02
-3692.58 397.59 -358.68 2498.90 31679009.28 1.595348e-02
-5094.24 7336.93 -4322.37 2291.37 34201198.59 1.841587e-02
-5691.66 7118.64 -4379.82 2251.70 31367817.43 1.447220e-02
3878.65 133.35 1295.73 1978.63 29987902.11 2.590304e-02
4269.27 -268.77 617.88 1536.62 31402519.47 1.152908e-02
4395.65 -61.96 548.95 1554.94 34309694.24 1.429792e-02
4487.56 -578.97 928.09 1340.16 21933668.69 4.667266e-03
4533.52 -1417.66 422.57 1269.10 28204660.77 1.080034e-02
4395.65 -1658.93 571.93 1260.68 35333265.69 1.385207e-02
4085.45 -1371.71 445.55 1416.01 32082727.34 1.139194e-02
4843.72 -1578.51 663.84 1223.95 27935513.68 2.251642e-02
4315.23 -1314.26 997.02 1174.25 22312975.49 5.542895e-03
4200.34 -1325.75 1123.40 1254.02 23523253.14 1.132033e-02
3568.45 -1521.06 1169.35 1621.14 24439183.21 8.941773e-03
3913.11 -1233.84 548.95 1486.55 25058423.70 8.793144e-03
4005.03 -1681.91 640.86 1402.48 21690405.18 5.510676e-03
673.23 -13251.30 5822.39 3351.97 37857184.10 2.041805e-02
1442.99 -14423.18 6178.54 3019.40 24300893.80 8.158756e-03
3890.14 926.09 2249.32 3042.41 20677091.98 4.195562e-03
-6426.96 7336.93 -4655.55 2946.51 26836114.77 1.891591e-02
-5186.15 -13113.44 3042.06 3268.29 53408161.93 2.676295e-02
-5255.08 -14871.25 3938.20 2901.32 38312508.40 2.239150e-02
-7840.10 6544.19 -4839.38 3224.54 19100540.91 1.594412e-03
-6576.32 6751.00 -4402.80 2675.29 22845820.40 1.624670e-02
4671.39 -1027.04 721.28 1159.93 48763954.14 1.984112e-02
4797.77 -728.32 974.04 1195.92 26730202.51 9.532472e-03
4763.30 -360.68 606.39 1167.80 36931281.69 2.040588e-02
2316.15 -15445.70 7166.60 3228.34 21089279.26 4.712199e-03
3212.29 -15767.39 7235.53 3295.47 21686645.65 1.281617e-02
3419.09 -16801.39 7637.64 4081.63 40191157.23 1.880235e-02
3246.75 -17421.80 8258.05 5212.70 42206669.39 2.987894e-02
3373.13 -15296.34 6258.97 3464.81 31766310.50 2.284516e-02
2856.13 -16008.66 7063.20 3256.96 20158203.21 2.134941e-03
6107.51 -16192.48 7695.09 3789.50 20844724.91 3.744263e-03
6923.23 -15089.54 7821.47 2768.22 30280666.10 1.963271e-02
6704.93 -15192.94 7936.36 2998.82 25389734.86 1.787126e-02
6555.58 -16468.21 7706.58 4108.90 32376775.33 1.706163e-02
5762.84 -15778.88 6994.26 3703.43 42935521.75 2.457337e-02
5303.28 -15215.92 7132.13 3762.34 26696341.06 1.715925e-02
-1854.35 16631.51 -6126.14 3152.17 36320409.41 2.911567e-02
-1750.95 17941.25 -5988.28 4012.78 29327440.32 2.215163e-02
-2038.17 17837.85 -7286.53 4451.74 38614678.06 2.151990e-02
-4244.05 16654.49 -6539.75 4409.65 23845617.44 1.294368e-02
-6771.63 17171.49 -7332.48 4928.13 35105776.45 2.375340e-02
1603.83 -15686.96 6730.02 3145.08 20826858.58 4.120019e-03
443.45 -15411.23 6442.79 3045.77 20270884.68 6.809479e-03
558.34 -15296.34 6316.41 2801.10 26863359.38 1.765037e-02
3625.89 -14101.49 6385.35 3968.04 21448191.12 4.715238e-03
2591.88 -14951.67 6178.54 3177.14 21557359.59 9.793027e-03
2454.02 -14227.87 6615.13 3361.36 38913523.04 2.271667e-02
2408.06 -13044.50 6213.01 3735.05 33814877.76 2.344727e-02
2695.28 -12607.92 5845.36 3970.45 24245690.68 8.669237e-03
2304.66 -12676.85 5868.34 3763.98 22341841.35 5.284627e-03
2810.17 -12366.65 5512.18 4102.00 27872063.90 1.502634e-02
1442.99 -12033.47 5121.56 3681.70 52701794.84 2.581819e-02
328.56 -11780.71 4719.45 3151.40 22880084.17 6.239126e-03
144.73 16849.80 -5057.67 3902.01 37197037.33 1.761523e-02
-280.36 16700.44 -6286.99 3113.01 34428352.27 2.905899e-02
-1050.12 18033.16 -6195.08 4137.97 23553425.25 9.355485e-03
-1567.12 16918.73 -5230.00 3655.25 31446168.36 2.613677e-02
-2704.53 16849.80 -5988.28 3713.62 20772973.69 4.054508e-03
960.45 -15445.70 6006.21 2832.62 21528156.46 1.038537e-02
-2451.77 14919.65 -6459.32 3008.21 29908472.62 2.211239e-02
-2704.53 14827.74 -7263.55 3260.25 30596572.77 2.367775e-02
-2095.62 14563.50 -7838.00 3746.85 26136520.32 2.311412e-02
-1360.32 14942.63 -7033.77 3153.15 29367435.83 6.558394e-02
-1176.50 15850.26 -7114.19 3201.78 21938957.03 1.403433e-02
-705.45 15735.37 -6482.30 2859.79 20334171.82 2.224865e-03
-900.76 15402.19 -6654.64 2982.13 23159034.11 1.126441e-02
236.64 15999.62 -6631.66 3465.53 20999416.90 9.960970e-03
3890.14 14517.54 -4747.47 2127.70 27266973.01 1.489977e-02
3223.78 14827.74 -4529.18 2626.17 45007591.22 2.340303e-02
3350.16 14632.43 -4287.91 2542.52 28482294.19 2.331834e-02
4280.76 14483.07 -5103.62 2903.44 33480091.27 1.849979e-02
-3313.45 14908.16 -6884.41 3247.72 33654467.72 2.120588e-02
-3462.80 15919.19 -6872.93 3728.89 19677284.67 1.979613e-03
-3359.40 14758.81 -5080.65 3931.39 34012616.04 3.323883e-02
-3141.11 11013.40 -5540.21 3194.30 48698015.13 2.115678e-02
-3474.29 10542.36 -5712.54 3170.58 22193692.58 1.099907e-02
-3152.60 10082.80 -5965.30 3208.65 37545920.35 2.357171e-02
-1383.30 11817.63 -6815.48 3276.33 21948018.59 5.597330e-03
-2991.76 12357.61 -7975.87 4008.94 40840929.35 4.950618e-02
-2026.68 13127.37 -6631.66 2529.31 25953732.86 1.301730e-02
-1716.48 13644.38 -6470.81 2773.50 30529264.17 3.893646e-02
-3290.47 13138.86 -6826.97 2946.78 26836042.87 1.211407e-02
-2222.00 12506.97 -6677.61 2663.37 36284354.90 4.484567e-02
-1773.93 13035.46 -5678.07 2689.44 19923345.57 3.323325e-03
-2061.15 12690.79 -5930.83 2436.55 26376957.33 1.242164e-02
-3037.71 12529.95 -6091.68 2878.64 22566550.32 1.345727e-02
-2968.78 13391.62 -6114.65 2725.03 21463521.99 5.885566e-03
-2026.68 13782.25 -6298.48 2738.03 22630070.28 1.311981e-02
-452.69 12047.41 -6183.59 3116.28 22033993.02 6.988307e-03
-1073.10 12162.30 -6229.54 2739.32 34981684.57 1.918544e-02
-1429.26 12346.12 -5919.34 2544.50 20739721.71 5.004814e-03
-1325.86 12449.52 -5781.47 2646.72 22344703.80 8.896175e-03
317.07 13081.42 -6149.12 3911.12 26870996.57 1.641560e-02
-1337.34 15758.35 -6114.65 2897.82 47956555.67 2.686739e-02
477.91 16390.24 -6332.94 3557.63 31608632.79 2.427102e-02
-567.58 16103.02 -5586.16 3127.25 30018166.67 1.530991e-02
-2026.68 15436.66 -4896.82 3959.58 30467399.70 2.665858e-02
-3359.40 14345.20 -5551.69 3333.36 21990768.69 6.047971e-03
6348.78 1741.80 445.55 2110.18 25421408.39 9.406400e-03
6394.73 1397.13 778.73 2211.55 33382815.99 1.742500e-02
6658.98 1121.40 709.79 2303.53 28837992.65 3.515234e-02
6004.11 604.40 537.46 1640.45 19549770.51 5.579121e-03
5050.52 41.44 514.48 1454.82 23478857.82 8.435898e-03
5659.44 -142.39 1054.46 1614.83 25351310.96 1.147996e-02
5510.08 -165.37 560.44 1450.58 34325273.35 1.624197e-02
5314.77 -601.95 870.64 1262.30 42639539.22 1.446730e-02
5487.10 -636.41 1100.42 1423.59 21822010.99 5.668976e-03
5176.90 -670.88 1180.84 1337.15 22036429.18 9.980784e-03
4763.30 -257.28 870.64 1291.93 36803457.67 1.496060e-02
4889.68 -521.52 457.04 1213.34 31142529.81 2.717871e-02
-3393.87 11369.56 -5850.41 3193.82 27621752.13 1.610490e-02
-2107.11 10703.20 -5367.87 3420.20 33309512.00 1.899824e-02
-3210.05 8129.67 -4299.40 2587.08 27757007.90 1.420177e-02
-6564.83 16780.87 -7229.08 4709.40 31556297.26 3.745849e-02
-6449.94 17309.36 -8194.16 5193.35 47499159.87 2.716115e-02
-5438.91 14379.67 -6930.37 4105.74 23026406.24 7.803110e-03
-4887.44 14885.19 -6482.30 3908.42 23833708.84 1.359046e-02
-6036.33 15815.79 -7412.91 4508.54 34986166.56 3.860455e-02
-4393.41 13874.16 -6436.34 3306.48 24048092.79 1.615985e-02
-4060.23 13575.44 -6321.46 3102.29 20789958.34 9.726675e-03
-27.60 -12297.72 4707.96 2754.24 35972782.99 1.891702e-02
-4485.32 13380.13 -6516.77 3381.33 25692414.70 1.429440e-02
-6691.20 12748.24 -6769.53 3764.56 37563444.28 2.349060e-02
-7288.63 13058.44 -7309.51 3619.46 27438228.51 1.711154e-02
-1061.61 8026.27 -3587.08 2810.92 25387716.42 1.419078e-02
-452.69 7612.67 -3908.77 2575.62 29308659.79 2.205954e-02
-498.65 7693.09 -3782.39 2517.00 43279885.12 2.640194e-02
190.69 11725.72 -4827.89 3345.87 19325266.99 1.141845e-03
466.42 11070.85 -5609.14 3357.97 33111321.77 1.506115e-02
-739.92 11001.91 -5149.58 3482.47 32643767.02 2.062032e-02
18.35 10726.18 -4770.44 3625.50 24141428.77 7.951377e-03
-211.43 7693.09 -4379.82 3223.84 29136378.81 1.435089e-02
-2130.08 9450.90 -4724.49 3284.31 24466753.10 1.206974e-02
-2497.73 8600.72 -4299.40 2718.18 21780726.35 5.889813e-03
-2555.18 8727.10 -4575.13 2755.91 29923031.38 1.345165e-02
-2601.13 9519.84 -5655.09 3274.06 35471895.79 1.626367e-02
-3037.71 9140.70 -5597.65 3211.66 24383927.02 1.828919e-02
-3175.58 8313.50 -4747.47 2764.78 42959270.48 3.592199e-02
-7415.01 12529.95 -6735.06 3764.92 54257596.60 2.958918e-02
-8207.75 12771.22 -7355.46 4106.15 25862622.46 9.710629e-03
-7690.75 13483.53 -7183.13 4033.82 54363188.72 2.769200e-02
-7713.72 14414.14 -8561.80 5079.69 38112996.50 4.742901e-02
-7598.83 13288.22 -8297.56 4398.46 24887851.29 1.040510e-02
-6955.45 11220.20 -6792.50 4239.49 26401043.32 2.194826e-02
-3991.30 11679.76 -7941.40 4223.27 28784623.07 2.629770e-02
-5611.24 11898.05 -6735.06 3785.53 29174795.87 1.286288e-02
-4634.68 11725.72 -6895.90 3562.62 23545163.19 8.025446e-03
-3991.30 11381.05 -6539.75 3324.48 30683846.60 2.005786e-02
-3405.36 10404.49 -4460.24 3751.94 21369797.38 7.265959e-03
-4910.41 10289.60 -6643.15 3906.03 18821553.30 6.895991e-04
-4244.05 8635.19 -5103.62 3414.79 30222489.25 1.601304e-02
-5059.77 9830.04 -6401.88 4153.92 27987277.41 1.699153e-02
-5737.62 7968.83 -4517.69 3004.75 23426743.13 1.430334e-02
-8403.06 8577.74 -5344.89 4527.49 40518000.09 1.741570e-02
-4267.03 8014.78 -4173.02 2700.87 22935093.83 9.607038e-03
-4381.92 7739.05 -4081.11 2512.33 43757355.72 2.044617e-02
-2681.55 7842.45 -3885.79 2656.39 51332726.69 2.466042e-02
-2199.02 8428.38 -3989.19 2878.02 29314935.95 2.628292e-02
-6105.27 11220.20 -6309.97 4130.35 27174621.42 1.914105e-02
3648.87 -15962.70 6638.10 3579.65 32429538.86 3.237426e-02
868.54 -15112.52 5489.21 3129.50 24500114.65 1.256807e-02
1626.81 -9953.97 3536.08 3543.87 33778799.29 3.510571e-02
4613.94 -3485.68 2685.90 1412.67 33334770.71 2.710461e-02
4142.89 -3623.55 2054.00 1309.31 24937139.48 9.737652e-03
4039.49 -3876.30 2042.52 1424.27 20201538.81 5.635255e-03
2672.31 -3290.37 2490.59 1412.66 52674810.46 4.156858e-02
3453.56 -1992.11 1789.76 1427.59 30249857.12 9.664431e-02
3350.16 -2646.98 2019.54 1368.78 31230228.21 2.547557e-02
4165.87 -1727.87 2237.83 1415.10 30075744.31 2.457577e-02
3637.38 -2095.51 2145.92 1349.88 38771503.19 4.538600e-02
3648.87 -1946.16 1812.74 1278.57 22310725.93 9.302345e-03
3648.87 -2129.98 1640.40 1257.55 31330081.74 2.223871e-02
3568.45 -2382.74 1870.18 1226.19 26031885.20 1.005183e-02
3970.56 -2658.47 1778.27 1192.39 52923230.48 2.423267e-02
4073.96 -2750.38 1801.25 1225.33 20003518.06 2.235248e-03
4211.83 -2474.65 1870.18 1179.73 22140466.81 6.390614e-03
3982.05 -2003.60 1893.16 1178.13 29569721.15 3.983975e-02
4556.50 -2198.91 1812.74 1272.07 39895585.57 3.503310e-02
4510.54 -2003.60 2823.77 1592.48 29563321.73 3.338439e-02
4200.34 -1509.57 2364.21 1563.84 21985670.39 6.231692e-03
4280.76 -2244.87 2283.78 1329.69 26373670.31 2.392258e-02
4338.21 -2727.41 2191.87 1310.36 25440741.89 1.227628e-02
4234.81 -3163.99 2203.36 1254.71 48446421.07 1.610536e-02
3798.23 -3118.03 1456.58 1507.35 33204204.07 1.785845e-02
3476.53 -3026.12 1651.89 1432.63 26600591.17 1.117750e-02
3602.91 -2945.70 2111.45 1310.30 22887257.41 1.449939e-02
3993.54 -2888.25 2548.03 1380.34 34977329.26 4.232764e-02
4073.96 -3324.83 2122.94 1250.41 22852495.45 8.887774e-03
4188.85 -3531.63 2318.25 1267.11 30541563.11 2.417012e-02
1167.25 -9080.81 3708.42 3436.40 30279717.65 2.370314e-02
5958.15 -4496.71 2973.12 2236.35 20985544.65 6.018641e-03
5107.97 -4634.57 3053.54 1832.17 35411298.19 1.747890e-02
5188.39 -4083.10 2823.77 1682.89 22108031.45 4.984869e-03
5395.19 -4508.20 3122.48 1854.37 20181386.98 3.084694e-03
5142.43 -4220.97 3742.88 1874.99 33633307.53 3.993525e-02
4935.63 -4439.26 3501.61 1736.13 32665314.13 4.331541e-02
4464.59 -4450.75 2708.88 1758.48 32041742.30 1.402069e-02
5234.35 -5817.94 3168.43 2425.85 46658336.51 3.672941e-02
4694.36 -6231.54 3467.15 2544.78 33023654.18 1.706416e-02
4694.36 -5645.60 4248.40 2649.68 26179267.00 1.305382e-02
4338.21 -5840.92 3811.82 2407.87 29002357.38 1.411131e-02
5452.64 -5335.40 4018.62 2483.49 27033033.00 1.205726e-02
6187.93 -3772.90 2927.17 2206.89 35150777.82 1.721050e-02
6452.18 -4048.64 3214.39 2463.39 32251457.66 2.932142e-02
6498.13 -3221.43 2777.81 2393.29 21952046.90 5.201864e-03
5877.73 -1750.84 3639.48 2943.64 52613743.77 8.138201e-02
4912.66 -2761.87 2984.61 1556.02 46816294.99 2.901200e-02
4671.39 -2807.83 2904.19 1438.70 26516818.36 1.572349e-02
5383.70 -3106.54 3352.26 1900.77 35332450.78 3.678812e-02
5349.24 -3841.84 3593.53 1854.06 35348259.30 2.685004e-02
4774.79 -3703.97 2226.34 1529.51 20492077.22 6.178706e-03
5900.71 -3083.56 2708.88 1985.04 40768762.12 1.836700e-02
2672.31 -3968.21 1410.62 2065.01 27320508.65 2.828535e-02
2890.60 -4152.04 2019.54 1591.34 20352659.60 5.794639e-03
3304.20 -3899.28 1709.34 1577.77 19370018.41 2.864639e-03
3970.56 -3497.17 836.17 2232.33 21210126.92 7.441308e-03
3568.45 -2842.30 1226.80 1652.77 23077391.02 2.093939e-02
4062.47 -2210.40 330.66 1916.02 51467532.21 4.720761e-02
4280.76 -1647.44 1479.56 1240.61 22134485.12 7.171027e-03
2465.50 -4220.97 2065.49 1786.60 30892901.12 1.311022e-02
2499.97 -4152.04 2065.49 1745.29 31624061.25 3.318639e-02
4533.52 -2015.09 1709.34 1217.22 53007932.90 2.134525e-02
5291.79 -1923.18 2122.94 1621.81 25195108.99 1.112969e-02
5785.82 -2888.25 2467.61 1932.23 22135347.96 7.498999e-03
5624.97 -2566.56 2318.25 1876.39 29154947.05 1.491793e-02
6521.11 -2141.47 1881.67 2383.43 27768361.82 1.041055e-02
6509.62 -2152.96 2111.45 2333.66 25201866.21 1.400594e-02
6256.86 -1900.20 2191.87 2198.74 25007188.98 9.628358e-03
5073.50 -2681.45 1387.64 1895.73 25558817.84 1.065758e-02
4820.74 -1785.31 1020.00 1244.51 21623488.63 6.023031e-03
4912.66 -1992.11 1100.42 1414.80 28876567.20 2.573911e-02
5096.48 -1750.84 365.13 1721.16 36954328.50 2.295155e-02
5556.04 -3118.03 388.10 3029.84 26184668.33 1.998376e-02
5188.39 -5381.36 1456.58 3363.44 33684242.65 4.455819e-02
4280.76 -5209.02 2203.36 2391.52 48443360.04 6.233320e-02
3327.18 -5140.09 2283.78 2151.21 22814609.11 1.060846e-02
3717.80 -4588.62 2076.98 1866.44 25394168.92 1.798690e-02
3959.07 -4106.08 2421.65 1500.17 30370175.78 1.548758e-02
3602.91 -3922.26 2352.72 1410.32 38273950.96 2.737035e-02
3476.53 -4163.53 2318.25 1494.41 37947806.58 1.648732e-02
4970.10 -2359.76 2157.41 1551.42 26977549.12 2.729172e-02
4223.32 -2256.36 1514.02 1243.84 39874367.17 1.930946e-02
4165.87 -2405.71 1192.33 1494.01 27101459.53 1.816462e-02
3993.54 -1693.40 1226.80 1331.13 44534321.85 3.486413e-02
3097.40 -3612.06 1042.97 2155.90 22007121.62 7.569799e-03
3143.35 -3658.01 1778.27 1542.14 26014273.96 2.593153e-02
3039.95 -2888.25 2191.87 1506.59 35941138.56 1.585801e-02
3212.29 -2750.38 2410.16 1489.14 36333064.44 1.755099e-02
3327.18 -3807.37 2088.47 1408.51 25836081.48 8.102245e-03
2982.51 -3485.68 2479.10 1368.31 24720716.55 1.314259e-02
2281.68 -3163.99 2490.59 1738.01 33091226.43 3.225274e-02
3867.16 -2555.07 353.64 2195.68 28077932.42 2.488896e-02
5326.26 -3198.45 2490.59 1709.45 34146041.69 1.382158e-02
4579.48 -3508.66 1870.18 1546.59 27256927.06 1.945993e-02
5107.97 -3497.17 2444.63 1621.79 25091506.20 1.069379e-02
5016.06 -3853.32 1732.31 2083.25 30862927.60 3.149309e-02
-12343.78 41.44 -1794.80 2509.93 23451623.48 7.035075e-03
-13193.96 -165.37 -2105.00 2446.62 30348152.74 1.855344e-02
-13079.07 -337.70 -2219.89 2287.32 20413484.89 3.017205e-03
-12608.02 -142.39 -3001.14 2365.55 34854911.71 1.820464e-02
-12757.38 -418.12 -3127.52 2486.98 20644725.09 4.507665e-03
-12734.40 -912.15 -3035.61 2483.67 30507542.44 1.594314e-02
-11574.02 -601.95 -2208.40 2346.67 34543000.82 1.541221e-02
-11734.86 1178.84 -2851.79 2428.32 25287975.89 1.154384e-02
-12056.55 650.35 -2392.23 2420.77 27269051.37 1.168967e-02
-11585.51 -682.37 -1771.82 2506.87 22205159.49 5.621281e-03
-13170.98 3212.39 -3874.30 2436.54 25302464.46 1.021879e-02
-12447.18 2189.87 -3116.03 2492.53 23504989.63 1.050872e-02
-10631.92 -510.03 -2162.45 2797.48 32632724.68 1.409507e-02
-9471.54 -326.21 -2047.56 3445.05 28895748.34 1.064694e-02
-10792.77 -670.88 -2093.51 2772.98 32557862.78 1.367065e-02
-10666.39 891.62 -2070.54 2608.51 22405698.58 6.616798e-03
-9563.45 3086.01 -2644.98 1759.26 33560222.67 1.390294e-02
-9345.16 2890.70 -2599.03 1737.74 35227687.26 1.706765e-02
-9827.69 2442.63 -2346.27 2006.33 33291782.64 1.241579e-02
-9632.38 2327.74 -3081.57 2001.77 25847818.88 1.290688e-02
-9758.76 3074.52 -2978.16 1787.11 35259698.05 1.870261e-02
-9712.80 3292.81 -3150.50 1811.22 24966503.53 1.004267e-02
-9034.95 2925.17 -2794.34 1798.96 36662687.57 1.615837e-02
-9701.32 1776.27 -2702.43 2055.65 41235584.14 1.894288e-02
-13136.52 2247.32 -4046.64 2200.31 21963304.95 9.569129e-03
-9839.18 2029.03 -2897.74 1984.04 48105235.16 2.103411e-02
-10229.81 2063.50 -2173.94 2230.08 27647847.99 1.113410e-02
-10999.57 1868.18 -2966.68 2038.91 34201660.82 1.792550e-02
-10781.28 3005.59 -2851.79 2068.54 38713946.09 1.703033e-02
-10677.88 2614.97 -3139.01 1980.41 27140522.01 1.008646e-02
-11160.41 2500.08 -2380.74 2324.93 22630265.45 7.010162e-03
-11171.90 2557.52 -3265.39 1941.01 36981761.43 1.675334e-02
-11642.95 2534.54 -2851.79 2200.29 25556826.80 1.599201e-02
-11562.53 3017.08 -3506.66 2120.20 32247259.86 2.630722e-02
-11654.44 3361.75 -4069.62 2307.27 20834107.14 3.521589e-03
-11597.00 2764.32 -3426.23 2102.59 33672840.80 1.448901e-02
-11367.22 1362.67 -3047.10 2357.67 25080564.87 1.132711e-02
-11240.84 1833.72 -3173.48 2136.67 26841740.37 1.273128e-02
-10471.08 1833.72 -2541.58 2057.25 54392357.60 2.015176e-02
-11022.55 167.81 -2484.14 2582.46 46092253.32 1.877336e-02
-10471.08 788.22 -2530.09 2459.16 29794673.22 1.070480e-02
-9643.87 1075.44 -2518.61 2384.67 32659363.25 2.895937e-02
-9264.73 1132.89 -2702.43 2596.87 21162329.87 5.072450e-03
-12987.16 -1325.75 -1944.16 2344.73 26950383.26 1.364529e-02
-12401.22 -1222.35 -1909.69 2240.73 33440828.49 1.355212e-02
-12860.78 -1302.77 -1289.29 2867.07 21318278.47 5.117847e-03
-13159.50 -3301.85 -1036.53 2286.00 53941974.12 2.695679e-02
-12631.00 -3267.39 -1450.13 2786.54 29115016.60 1.282408e-02
-13320.34 -2440.18 -1737.36 2572.09 43119454.54 2.286568e-02
-12711.43 -3761.41 -1771.82 2819.50 30987512.54 2.690491e-02
-13228.43 -4220.97 -1519.07 2298.46 33518234.40 1.396749e-02
-13320.34 -3726.95 -1151.42 1991.31 25238596.96 1.385240e-02
-12826.32 -5277.96 -439.10 3007.02 38240858.19 1.580296e-02
-10654.90 -2336.78 -1622.47 4054.74 34641970.96 3.148475e-02
-10677.88 -1153.42 -703.35 4012.64 27652225.55 3.521793e-02
-12975.67 -6518.77 -128.90 2902.61 31369152.78 1.810511e-02
-13400.76 -6978.32 -473.57 2824.37 29687536.88 1.244502e-02
-11562.53 -7162.15 20.46 4070.25 25181438.75 1.225492e-02
-12780.36 -4312.88 -496.55 2898.92 21219662.71 3.308177e-03
-14917.31 -4014.17 -1116.95 2077.18 23783097.28 2.055549e-02
-14733.48 -3612.06 -1346.73 1925.93 34624594.26 1.700975e-02
-15101.13 -4071.62 -588.46 2391.26 23478226.09 1.000806e-02
-14285.41 -4381.82 -220.81 2346.16 27263987.30 1.302543e-02
-13906.28 -4094.59 -910.15 1886.06 26400072.62 1.000179e-02
-13963.72 -3887.79 -611.44 2032.43 25293883.96 9.623611e-03
-13929.26 -3933.75 -1519.07 1850.61 32366547.90 1.719631e-02
-14044.15 -4485.22 -1599.49 2254.38 26901622.36 1.257665e-02
-14561.15 -3554.61 -1208.86 1800.79 36680594.99 1.522571e-02
-14204.99 -3738.44 -1289.29 1691.39 27635008.07 1.574082e-02
-14090.10 -3577.59 -1967.14 2238.96 20167513.01 9.111991e-03
-14331.37 -2509.12 -2082.03 2437.32 28086987.13 1.590909e-02
-14503.70 -2807.83 -1071.00 2162.73 28961375.77 1.753252e-02
-13871.81 -3129.52 -921.64 2047.26 26140706.13 8.080387e-03
-14331.37 -2807.83 -1025.04 2170.23 30098589.11 1.767650e-02
-15261.98 -3049.10 -2093.51 2540.00 19791111.46 4.769481e-03
-14940.29 -2382.74 -1565.02 2425.89 20275418.03 6.101609e-03
-15319.42 -2187.42 -1967.14 2791.08 24625512.79 1.138619e-02
-14044.15 -1877.22 -1576.51 2686.31 20412587.81 2.849232e-03
-13573.10 -1578.51 -2736.90 2830.61 30029171.34 2.109285e-02
-15388.36 -1704.89 -2897.74 3305.72 25677806.29 1.699818e-02
-14974.75 -2061.05 -2288.83 2758.50 19789931.90 1.628621e-03
-12251.87 -2015.09 -2553.07 2874.59 21975028.66 6.787792e-03
-11746.35 -1337.24 -2449.67 2517.80 21102090.08 3.013530e-03
-12148.47 -1187.88 -2231.38 2188.88 31615826.58 1.286819e-02
-12883.76 -1555.53 -2553.07 2405.62 40874008.42 2.163761e-02
-11344.24 -8196.16 1502.53 3866.36 18999249.30 1.055321e-03
-10540.01 -8265.09 1284.24 3897.39 20138910.79 1.158903e-02
-10183.85 -9023.36 1858.69 3857.04 26414633.10 1.132006e-02
-10034.50 3821.31 -3322.83 1786.93 25187755.99 9.400235e-03
-9977.05 3867.26 -3529.64 1838.35 21018130.66 8.554920e-03
-9942.58 4430.22 -3518.15 1793.55 21957232.52 6.490581e-03
-10574.48 4326.82 -3724.95 1939.03 31732752.07 1.587341e-02
-10781.28 3522.59 -3908.77 2163.35 23715533.59 1.290170e-02
-11183.39 4384.27 -3885.79 2105.24 24213685.02 1.235683e-02
-11091.48 3626.00 -3368.79 2147.91 43562075.86 1.883260e-02
-11964.64 4418.73 -4230.46 2451.23 27938285.39 1.675497e-02
-11953.15 3626.00 -4035.15 2410.30 19512973.00 1.442002e-03
-10896.17 5487.21 -4253.44 2473.91 23917700.78 8.394224e-03
-9080.91 6050.17 -4184.51 2419.01 43478130.14 2.470934e-02
-9161.33 5923.79 -4724.49 2476.55 37890044.04 4.212132e-02
-9172.82 4522.13 -3403.26 1811.52 22082904.57 6.115139e-03
-9379.62 5694.01 -6057.21 3845.66 31501828.58 3.974525e-02
-11757.84 6647.59 -5138.09 4271.26 32585754.52 3.507387e-02
-12217.40 5257.43 -4655.55 3019.27 27081425.82 1.464987e-02
-12263.36 5602.10 -4931.29 3451.70 34772876.57 2.305560e-02
-11953.15 4878.29 -4379.82 2561.55 30450098.33 1.651014e-02
-10930.64 4211.93 -4598.11 2315.38 28799267.43 1.625411e-02
-11539.55 4211.93 -4724.49 2469.71 36999966.73 2.055016e-02
-9218.78 5073.61 -4735.98 2438.03 27167441.34 1.908774e-02
-9471.54 5636.56 -4540.66 2216.38 29416121.41 1.677684e-02
-12596.54 3028.57 -4529.18 2753.45 19471505.18 1.434601e-03
-12010.60 1776.27 -4494.71 3232.69 29879574.23 3.236881e-02
-9425.58 64.41 -2449.67 3134.25 35002974.88 1.872737e-02
-9299.20 673.33 -2507.12 2786.74 23361738.87 7.515240e-03
-9103.89 6130.59 -5815.94 3645.26 48588249.17 1.699093e-02
-8908.58 4292.36 -3219.43 1863.99 40784919.88 1.462920e-02
-9115.38 4648.51 -3874.30 2031.63 24121360.83 2.896489e-02
-9057.93 5268.92 -4287.91 2085.54 26924412.37 1.247134e-02
-9735.78 -6610.68 1180.84 4190.82 26092832.05 1.475013e-02
-12401.22 -7437.88 1065.95 3624.58 22768174.80 8.382762e-03
-11551.04 -6702.59 537.46 3966.76 23442567.05 8.312547e-03
-13239.92 -8161.69 399.59 3188.62 26785612.78 1.287322e-02
-13665.01 -9023.36 744.26 3221.38 24953441.05 1.808962e-02
-12481.65 -9391.01 1134.89 2886.08 28359301.40 1.580542e-02
-12343.78 -10091.84 1295.73 2501.14 19595386.49 2.491445e-03
-12550.58 -9459.94 1732.31 2892.12 22086910.63 6.597754e-03
-13251.41 -9207.19 1249.78 2961.35 30746974.52 1.539517e-02
-13331.83 -9666.74 1617.42 3030.20 22557757.53 5.190747e-03
-13745.43 -7897.44 169.81 3019.53 33203697.33 1.919563e-02
-13952.23 -9540.37 1192.33 3538.11 22211623.97 4.276942e-03
-14423.28 -6013.25 571.93 2807.16 19872769.96 4.428305e-03
-14296.90 -6507.28 365.13 2577.13 46176418.17 2.746324e-02
-13676.50 -6495.79 709.79 2919.39 25878787.07 1.387388e-02
-14342.86 -7598.73 1123.40 3546.38 21846800.60 6.070343e-03
-9931.09 3867.26 -2759.87 1915.02 22574528.19 9.800012e-03
-9551.96 4246.40 -3104.54 1683.45 33809252.17 1.366003e-02
-9080.91 4303.84 -2748.39 1889.67 36175968.81 1.386327e-02
-9517.49 4016.62 -2622.01 1915.72 34836785.16 1.902042e-02
-8839.64 4637.02 -2932.21 1963.62 47810591.40 2.477181e-02
-9942.58 4602.56 -3713.46 1850.88 31832311.14 1.571115e-02
-10643.41 4602.56 -4310.89 2022.34 28246183.37 1.604835e-02
-10344.70 5108.07 -4115.57 1992.35 33228185.63 1.905496e-02
-10769.79 5154.03 -4356.84 2188.69 26887993.21 1.506885e-02
-10252.79 5579.12 -4000.68 2315.13 27301214.53 1.676452e-02
-9689.83 5303.38 -3908.77 2031.37 48768480.64 2.608948e-02
-14997.73 -4967.75 -956.11 2392.68 42533635.52 2.205081e-02
-15078.15 -4496.71 -358.68 2460.41 20614936.47 3.692924e-03
-15078.15 -5415.82 -335.70 2512.07 31592290.14 2.088573e-02
-14538.17 -5220.51 -36.99 2373.01 51713548.60 2.756171e-02
-14733.48 -8242.11 -496.55 3738.69 33380816.39 2.850032e-02
-15664.09 -6897.90 -450.59 3515.48 26221518.91 1.018492e-02
-14113.08 -7231.08 -358.68 2739.52 24197958.68 1.360132e-02
-14561.15 -5852.41 -933.13 2320.01 20239815.49 2.618737e-03
-14607.11 -6093.67 -806.75 2383.36 29813203.80 1.542651e-02
-13642.03 -5863.89 -531.01 2249.55 30090183.24 1.447548e-02
-14227.97 -6622.17 -220.81 2358.32 38913392.93 2.021082e-02
-16295.98 -6380.90 -887.17 3740.38 19975513.33 2.305160e-03
-16330.45 -5794.96 -1748.84 3551.98 20570955.44 4.437411e-03
-16204.07 -6392.39 -2334.78 4260.70 32993427.29 2.635661e-02
-17548.28 -2842.30 -3024.12 3748.62 23072344.07 1.738070e-02
-16698.10 -3026.12 -2438.18 3492.81 33603323.73 2.288053e-02
-17421.90 -1590.00 -3265.39 3361.33 32754433.48 2.498369e-02
-17352.97 -1601.49 -3196.46 3359.26 54591232.64 3.189421e-02
-16514.27 -4979.24 -1990.11 3494.39 40756079.70 3.088096e-02
-17513.82 -4944.78 -1139.93 4120.33 45637165.28 2.227676e-02
-15893.87 -4014.17 -2277.34 3172.71 22265685.19 1.276233e-02
-16525.76 -5335.40 -3173.48 4461.01 28647948.06 2.029379e-02
-15537.71 -3738.44 -2265.85 2905.70 28023087.10 3.761371e-02
-13756.92 -5427.31 -1013.55 2334.82 24958265.44 1.187648e-02
-14078.61 -5542.20 -898.66 2163.37 22090831.09 5.839597e-03
-13871.81 -5622.63 -393.15 2158.94 36039923.81 1.907542e-02
-16433.85 -2635.49 -3506.66 3792.08 25064561.19 2.769264e-02
-3336.43 -1015.55 238.75 4129.66 23828499.25 8.056059e-03
-7759.68 -3014.63 307.68 3657.88 29003709.86 1.196709e-02
-4002.79 -2003.60 181.30 4302.52 33485004.68 2.459351e-02
-7782.66 -5346.89 319.17 4182.21 23786825.99 7.825118e-03
-5232.11 -6116.65 1307.22 3412.59 29440120.08 2.466283e-02
-5082.75 -7885.95 1617.42 3264.78 35258027.15 1.883634e-02
-4841.48 -7495.33 1272.75 3263.88 24001026.76 1.080073e-02
-5645.71 -7288.53 1594.45 3158.49 39626546.34 2.257059e-02
-5404.44 -7575.75 1261.27 3173.71 33723330.81 1.348060e-02
-6208.67 -7300.02 1353.18 3406.22 28720462.82 1.715750e-02
-6335.05 -5898.36 1031.49 3892.44 27460054.67 1.573461e-02
-7357.57 -6105.16 698.31 4045.32 30887008.45 3.959379e-02
-7794.15 -7093.21 2019.54 3931.65 24156323.09 6.268011e-03
-8989.00 -7380.44 1261.27 3581.43 31710088.75 1.887369e-02
-8540.93 -6771.52 1031.49 3858.94 29657203.84 1.862138e-02
-9034.95 -8276.58 1445.09 3460.24 29424321.84 1.336932e-02
-5726.13 -6576.21 1054.46 3367.01 26651146.23 1.543304e-02
-8184.77 -8161.69 1904.65 3460.57 22824417.10 9.756983e-03
-7771.17 -9069.32 1640.40 3717.19 37298856.22 2.210170e-02
-7116.30 -9276.12 1824.22 3881.22 22450313.04 5.775885e-03
-8943.04 -9115.27 1640.40 3800.17 30173382.53 1.635816e-02
-8058.39 -1590.00 -1151.42 3559.20 44290959.04 4.330158e-02
-7541.39 -1268.31 -852.71 3634.06 38118197.53 3.915534e-02
-7575.86 -2129.98 -645.90 2977.46 22935759.80 9.929149e-03
-7116.30 -1337.24 -416.12 3698.21 34416765.52 2.864086e-02
-7150.76 -2888.25 -933.13 3425.88 44563459.92 4.975533e-02
-7782.66 -2968.67 -737.82 3067.06 44547743.85 3.474858e-02
-8391.57 -2394.23 -680.37 3308.16 31850834.87 1.978107e-02
-8862.62 -2348.27 -933.13 3789.10 31903567.59 2.249852e-02
-8184.77 -4209.48 -358.68 3855.34 26869959.10 9.553662e-03
-8472.00 -8092.75 1249.78 3433.50 25888826.18 1.058022e-02
-5714.64 -9379.52 1870.18 3994.40 25637946.02 9.200986e-03
-5174.66 -9149.74 1330.20 3933.06 24230993.24 9.643056e-03
-7024.39 -8839.54 2996.10 4560.91 29172566.86 1.656008e-02
-3589.18 -5749.00 1778.27 3410.53 27401345.40 1.152538e-02
-4198.10 -5404.34 1605.93 3409.24 32469445.35 2.020790e-02
-4278.52 -5427.31 1307.22 3415.05 23892603.01 7.732150e-03
-3795.98 -4152.04 1157.86 3654.25 24651976.73 6.956843e-03
-4462.34 -4002.68 1065.95 4081.29 35103691.25 2.345771e-02
-3210.05 -4473.73 962.55 3253.05 45002530.58 2.217096e-02
-2716.02 -4117.57 1111.91 3547.94 31773333.08 1.542000e-02
-3118.14 -5634.12 939.57 3514.75 27836404.86 1.580739e-02
-2222.00 -5806.45 2272.29 4080.75 29983505.72 2.452321e-02
-1371.81 -4783.93 1065.95 4057.02 31208831.76 1.964550e-02
-2210.51 -4485.22 1514.02 3667.81 31702686.10 1.855160e-02
-1486.70 -3991.19 1376.16 4175.05 37202895.76 1.864495e-02
-2084.13 -7817.02 2421.65 3357.27 28166252.27 3.120096e-02
-199.94 -7070.24 1479.56 4379.19 36572160.97 4.158522e-02
-1210.97 -7575.75 2191.87 4040.26 41036387.25 2.210318e-02
-1992.22 -7977.87 2295.27 3291.97 28075311.36 3.050237e-02
-2727.51 -7345.97 1686.36 3595.57 32363938.83 2.287310e-02
-4002.79 -8000.84 2329.74 3586.99 38030577.88 2.142883e-02
-3554.72 -6897.90 1755.29 3518.95 41707240.81 2.466873e-02
-2876.87 -8609.76 2708.88 3208.82 25885231.00 1.033990e-02
-4278.52 -10137.79 1858.69 4200.80 21702654.47 4.465170e-03
-3577.69 -8701.67 2054.00 3471.38 28658766.12 1.789451e-02
-2313.91 -9356.54 2099.96 3455.07 23812986.91 7.440918e-03
-464.18 -10390.55 3340.77 3795.43 36272268.25 1.947157e-02
-2187.53 -9080.81 2674.41 3265.81 24492393.58 1.149334e-02
-2038.17 -8965.92 2743.34 3319.20 45938903.52 2.767960e-02
-2474.75 -9563.34 2410.16 3502.14 34864587.87 2.269295e-02
-8127.33 -3830.35 -473.57 3584.37 24079083.23 1.110003e-02
-8000.95 -4600.11 -186.34 4018.67 28907427.54 2.292826e-02
-5530.82 -1923.18 -393.15 4196.15 27192985.94 1.812305e-02
5935.17 -5461.78 3283.32 2468.32 32474964.80 1.575855e-02
6153.46 -6174.10 3627.99 2733.85 24649381.35 9.719386e-03
6371.75 -5496.25 4190.95 2876.25 21421797.37 3.260113e-03
-3956.83 -1647.44 -209.32 4095.57 20747822.85 3.409260e-03
-2635.60 -4611.60 -82.94 4448.38 32225479.92 1.990906e-02
4028.00 -3543.12 -921.64 4062.05 34500067.53 4.336197e-02
3166.33 -1911.69 -2173.94 4741.03 38523706.33 2.930281e-02
4613.94 -8805.07 3593.53 4254.38 31201182.59 1.453585e-02
5349.24 -9253.14 4524.13 3986.44 21011690.16 3.613754e-03
4545.01 -6403.88 2904.19 2930.85 44428935.16 2.641329e-02
4889.68 -7162.15 4351.80 3311.10 33953805.76 1.958444e-02
6555.58 -6587.70 3352.26 3336.94 25663245.81 2.236001e-02
6670.47 -6587.70 4558.60 3261.26 29521220.47 1.828559e-02
7796.39 -2957.19 2433.14 2743.14 20619235.28 3.716358e-03
8164.03 -2359.76 2019.54 2867.31 32014644.92 1.747008e-02
8830.39 -2394.23 2295.27 3130.79 22289976.61 6.053761e-03
8439.77 -3095.05 2571.01 2952.62 20172185.03 2.364523e-03
8072.12 -3141.01 2593.99 2820.38 21743259.45 5.008461e-03
7405.76 -3232.92 2800.79 2756.06 24551746.56 1.147756e-02
8451.26 -3864.81 4213.93 3138.48 30132681.68 2.320089e-02
8704.02 -3795.88 3834.79 3091.17 23194169.28 7.279999e-03
8393.81 -4979.24 4443.71 2782.77 42959023.95 3.877700e-02
8037.66 -5990.27 4753.91 3004.57 20752277.44 2.868170e-03
7934.25 -5668.58 4684.98 2987.64 26244127.45 1.400224e-02
7302.36 -4439.26 3156.95 3021.08 36349246.17 2.056876e-02
6613.02 -5749.00 3260.35 2910.59 21202109.67 4.286870e-03
7520.65 -4657.55 3765.86 3098.29 21085668.67 3.753414e-03
-6001.87 -3129.52 -255.28 4268.08 26772358.55 1.429944e-02
-16399.39 443.55 -2782.85 3272.53 30800737.85 1.791506e-02
-16973.83 202.28 -3759.41 3387.65 36142338.48 2.224245e-02
-15756.00 696.31 -3828.35 3091.94 43806784.29 2.129551e-02
-16135.14 98.88 -4437.26 3695.41 29875468.87 3.128427e-02
-16468.32 -693.86 -3495.17 3315.69 31636788.18 2.900903e-02
-16192.58 857.15 -5310.43 4563.40 31915161.18 2.700761e-02
-14377.33 2672.41 -5321.91 3442.92 21850988.13 1.019002e-02
-13963.72 4303.84 -4862.36 3275.39 30204931.08 3.693650e-02
-13929.26 3855.77 -4735.98 2967.81 22549945.72 1.235463e-02
-14618.59 4097.04 -4667.04 3408.68 52759334.83 2.926973e-02
-15020.71 4820.85 -5195.54 4190.32 20996631.49 1.579209e-02
-13377.79 4694.47 -4988.73 3421.69 22806641.51 1.479000e-02
-16318.96 1339.69 -3242.41 3401.71 27286907.43 1.431306e-02
-18283.58 -797.26 -4862.36 4681.25 36288004.86 4.293656e-02
-18628.25 -854.70 -3368.79 4247.49 47042674.85 2.131156e-02
9761.00 11415.52 -2392.23 3976.90 22508671.36 8.069771e-03
11231.59 10565.33 -1817.78 3311.61 22392600.14 6.256670e-03
9519.73 10255.13 -2277.34 3365.96 21689759.76 9.604830e-03
9611.64 9588.77 -2047.56 3394.51 44570537.28 2.713265e-02
12817.07 11415.52 -1254.82 3416.10 35146110.94 2.296311e-02
11920.93 10932.98 -1622.47 3075.59 37342916.00 2.835316e-02
11886.46 10726.18 -1438.64 2925.18 37648540.46 2.043683e-02
12173.68 9692.17 -1473.11 2986.52 26585773.89 1.163418e-02
12702.18 10232.15 -1369.71 2990.25 24890289.16 1.046059e-02
12058.80 10530.87 -1162.91 2836.86 35400957.77 2.113487e-02
12782.60 10599.80 -186.34 3705.35 31669209.85 2.693567e-02
-17950.40 -912.15 -3449.21 3520.38 50701923.42 3.540093e-02
-16502.79 1224.80 -2851.79 3601.13 22343344.48 1.062368e-02
-15055.18 2086.47 -4138.55 2949.66 22639101.03 1.258279e-02
-14802.42 1902.65 -2909.23 2944.74 34316179.26 1.516963e-02
-12527.60 926.09 -2380.74 2524.89 27715273.01 1.379529e-02
-12516.11 282.70 -2622.01 2230.26 34173371.90 1.645700e-02
-12895.25 1075.44 -3012.63 2519.55 32768807.35 2.274107e-02
-15307.93 811.20 -3518.15 2971.47 34645158.69 2.224478e-02
-14411.79 1132.89 -3219.43 2763.56 47557326.44 2.548110e-02
-14182.01 190.79 -3058.59 2993.42 25104705.64 1.392473e-02
-13619.05 328.66 -2599.03 2666.20 41209798.14 3.093805e-02
-15319.42 -27.50 -2828.81 3227.34 24145698.48 1.957214e-02
-15009.22 -716.84 -2461.16 3314.28 36255596.89 2.332456e-02
-13929.26 2775.81 -3081.57 2376.99 26495829.36 1.299283e-02
-13848.83 2948.15 -3529.64 2054.94 19338801.98 1.404917e-03
-13963.72 2867.72 -3598.57 1981.45 20325786.49 3.802696e-03
-14170.52 2580.50 -3874.30 1891.23 19543121.14 5.186222e-03
-13894.79 2534.54 -4345.35 2080.40 22228457.96 4.049448e-03
-13504.16 1937.12 -3345.81 2147.79 35443291.86 1.880321e-02
-13308.85 2270.30 -3644.53 1966.67 21667765.82 7.221006e-03
-13481.19 2109.45 -4173.02 2122.68 31003673.73 2.468945e-02
-14285.41 2212.85 -4230.46 2218.77 28480277.47 2.235615e-02
-14044.15 2293.27 -3667.50 1834.33 31067072.14 1.700516e-02
-13469.70 1466.07 -2943.70 2543.39 27767980.05 1.650199e-02
12863.02 7451.82 -255.28 2521.77 29373992.75 2.028282e-02
13127.27 7612.67 -381.66 2507.35 24683879.66 1.234285e-02
12874.51 8267.54 -979.08 2638.33 28217062.42 1.584175e-02
12886.00 9152.19 -864.19 2821.39 24113535.32 8.233592e-03
13035.36 9129.21 -657.39 2926.80 30082561.46 4.933515e-02
11748.59 8474.34 -852.71 3039.37 35849485.46 2.284956e-02
12610.27 7968.83 -140.39 2503.31 48103201.31 2.376369e-02
12506.86 8784.54 -634.41 2664.78 30697696.60 1.866152e-02
11587.75 7945.85 -450.59 3042.35 19746312.10 8.461569e-03
9875.89 8072.23 -1794.80 3658.47 36478515.11 2.290285e-02
10312.47 7222.04 -1496.09 3072.05 41381692.21 2.921974e-02
10484.81 7417.36 -1208.86 3046.34 21119509.58 7.087139e-03
10611.18 9623.24 -1530.55 3483.35 33846570.12 1.923928e-02
10795.01 9933.44 -645.90 3775.08 34203037.26 2.896712e-02
10209.07 13023.97 -2288.83 4201.52 26632672.15 1.463941e-02
10863.94 13414.60 -2530.09 4097.55 21164625.65 3.648112e-03
11426.90 13150.35 -1978.62 3576.63 26041034.07 2.226528e-02
11082.23 12012.94 -2288.83 3756.28 23027858.01 9.873077e-03
12449.42 13322.69 -2461.16 4028.23 21831248.89 2.139435e-02
13299.60 13081.42 -128.90 4138.61 24996055.91 2.305653e-02
12311.55 13747.78 -1059.51 3875.06 21044397.73 1.081209e-02
11897.95 13253.75 -1484.60 3479.02 21878914.11 1.188879e-02
12771.11 12863.13 -1702.89 3468.99 29005699.19 1.547932e-02
13115.78 12667.81 -1783.31 3745.42 24414931.16 1.688045e-02
12943.45 12794.19 -289.75 3902.21 28362470.30 2.399400e-02
13874.05 7578.20 -576.97 3373.04 30669349.46 1.749091e-02
14310.63 9876.00 -979.08 4382.51 44376781.10 3.650037e-02
12403.46 8095.20 778.73 3461.34 21205252.89 7.052165e-03
12403.46 7739.05 1203.82 3879.19 22947959.44 2.042449e-02
13104.29 7509.27 -887.17 2846.19 31392918.63 2.028845e-02
